ID TIME DV EVID DOSE EXPO AGE
0.1000000E+01 0.0000000E+00 0.0000000E+00 0.3000000E+01 0.1000000E+01 0.1173500E+03 0.5200000E+02
0.1000000E+01 0.2527453E+03 0.1000000E+01 0.0000000E+00 0.1000000E+01 0.1173500E+03 0.5200000E+02
0.2000000E+01 0.0000000E+00 0.0000000E+00 0.3000000E+01 0.1000000E+01 0.1663600E+03 0.6200000E+02
0.2000000E+01 0.1741448E+03 0.1000000E+01 0.0000000E+00 0.1000000E+01 0.1663600E+03 0.6200000E+02
0.3000000E+01 0.0000000E+00 0.0000000E+00 0.3000000E+01 0.1000000E+01 0.1679800E+03 0.5300000E+02
0.3000000E+01 0.2019157E+03 0.1000000E+01 0.0000000E+00 0.1000000E+01 0.1679800E+03 0.5300000E+02
0.4000000E+01 0.0000000E+00 0.0000000E+00 0.3000000E+01 0.1000000E+01 0.1814200E+03 0.5400000E+02
0.4000000E+01 0.5644462E+02 0.1000000E+01 0.0000000E+00 0.1000000E+01 0.1814200E+03 0.5400000E+02
0.5000000E+01 0.0000000E+00 0.0000000E+00 0.3000000E+01 0.1000000E+01 0.3506400E+03 0.5100000E+02
0.5000000E+01 0.9644876E+02 0.1000000E+01 0.0000000E+00 0.1000000E+01 0.3506400E+03 0.5100000E+02
0.6000000E+01 0.0000000E+00 0.0000000E+00 0.3000000E+01 0.1000000E+01 0.4136900E+03 0.3800000E+02
0.6000000E+01 0.1000000E+04 0.0000000E+00 0.0000000E+00 0.1000000E+01 0.4136900E+03 0.3800000E+02
0.7000000E+01 0.0000000E+00 0.0000000E+00 0.3000000E+01 0.1000000E+01 0.3255200E+03 0.5100000E+02
0.7000000E+01 0.4320040E+03 0.1000000E+01 0.0000000E+00 0.1000000E+01 0.3255200E+03 0.5100000E+02
0.8000000E+01 0.0000000E+00 0.0000000E+00 0.3000000E+01 0.1000000E+01 0.2994100E+03 0.5400000E+02
0.8000000E+01 0.4660906E+03 0.1000000E+01 0.0000000E+00 0.1000000E+01 0.2994100E+03 0.5400000E+02
0.9000000E+01 0.0000000E+00 0.0000000E+00 0.3000000E+01 0.1000000E+01 0.2086000E+03 0.4100000E+02
0.9000000E+01 0.7950367E+02 0.1000000E+01 0.0000000E+00 0.1000000E+01 0.2086000E+03 0.4100000E+02
0.1000000E+02 0.0000000E+00 0.0000000E+00 0.3000000E+01 0.1000000E+01 0.1138100E+03 0.5400000E+02
0.1000000E+02 0.3507956E+03 0.1000000E+01 0.0000000E+00 0.1000000E+01 0.1138100E+03 0.5400000E+02
0.1100000E+02 0.0000000E+00 0.0000000E+00 0.3000000E+01 0.1000000E+01 0.3853900E+03 0.5200000E+02
0.1100000E+02 0.9357904E+03 0.1000000E+01 0.0000000E+00 0.1000000E+01 0.3853900E+03 0.5200000E+02
0.1200000E+02 0.0000000E+00 0.0000000E+00 0.3000000E+01 0.1000000E+01 0.4445200E+03 0.5000000E+02
0.1200000E+02 0.1000000E+04 0.0000000E+00 0.0000000E+00 0.1000000E+01 0.4445200E+03 0.5000000E+02
0.1300000E+02 0.0000000E+00 0.0000000E+00 0.3000000E+01 0.1000000E+01 0.3740700E+03 0.5200000E+02
0.1300000E+02 0.1000000E+04 0.0000000E+00 0.0000000E+00 0.1000000E+01 0.3740700E+03 0.5200000E+02
0.1400000E+02 0.0000000E+00 0.0000000E+00 0.3000000E+01 0.1000000E+01 0.2892600E+03 0.5000000E+02
0.1400000E+02 0.1000000E+04 0.0000000E+00 0.0000000E+00 0.1000000E+01 0.2892600E+03 0.5000000E+02
0.1500000E+02 0.0000000E+00 0.0000000E+00 0.3000000E+01 0.1000000E+01 0.1554100E+03 0.4100000E+02
0.1500000E+02 0.3887926E+03 0.1000000E+01 0.0000000E+00 0.1000000E+01 0.1554100E+03 0.4100000E+02
0.1600000E+02 0.0000000E+00 0.0000000E+00 0.3000000E+01 0.1000000E+01 0.1699100E+03 0.4600000E+02
0.1600000E+02 0.3635282E+03 0.1000000E+01 0.0000000E+00 0.1000000E+01 0.1699100E+03 0.4600000E+02
0.1700000E+02 0.0000000E+00 0.0000000E+00 0.3000000E+01 0.1000000E+01 0.8002000E+02 0.5000000E+02
0.1700000E+02 0.2415166E+03 0.1000000E+01 0.0000000E+00 0.1000000E+01 0.8002000E+02 0.5000000E+02
0.1800000E+02 0.0000000E+00 0.0000000E+00 0.3000000E+01 0.1000000E+01 0.2451000E+03 0.4700000E+02
0.1800000E+02 0.2328952E+03 0.1000000E+01 0.0000000E+00 0.1000000E+01 0.2451000E+03 0.4700000E+02
0.1900000E+02 0.0000000E+00 0.0000000E+00 0.3000000E+01 0.1000000E+01 0.4927800E+03 0.4300000E+02
0.1900000E+02 0.1000000E+04 0.0000000E+00 0.0000000E+00 0.1000000E+01 0.4927800E+03 0.4300000E+02
0.2000000E+02 0.0000000E+00 0.0000000E+00 0.3000000E+01 0.1000000E+01 0.2332700E+03 0.5000000E+02
0.2000000E+02 0.7689632E+03 0.1000000E+01 0.0000000E+00 0.1000000E+01 0.2332700E+03 0.5000000E+02
0.2100000E+02 0.0000000E+00 0.0000000E+00 0.3000000E+01 0.1000000E+01 0.3887300E+03 0.5300000E+02
0.2100000E+02 0.1000000E+04 0.0000000E+00 0.0000000E+00 0.1000000E+01 0.3887300E+03 0.5300000E+02
0.2200000E+02 0.0000000E+00 0.0000000E+00 0.3000000E+01 0.1000000E+01 0.4848600E+03 0.5300000E+02
0.2200000E+02 0.1000000E+04 0.0000000E+00 0.0000000E+00 0.1000000E+01 0.4848600E+03 0.5300000E+02
0.2300000E+02 0.0000000E+00 0.0000000E+00 0.3000000E+01 0.1000000E+01 0.2640400E+03 0.6100000E+02
0.2300000E+02 0.1000000E+04 0.0000000E+00 0.0000000E+00 0.1000000E+01 0.2640400E+03 0.6100000E+02
0.2400000E+02 0.0000000E+00 0.0000000E+00 0.3000000E+01 0.1000000E+01 0.3016000E+03 0.4900000E+02
0.2400000E+02 0.2724221E+02 0.1000000E+01 0.0000000E+00 0.1000000E+01 0.3016000E+03 0.4900000E+02
0.2500000E+02 0.0000000E+00 0.0000000E+00 0.3000000E+01 0.1000000E+01 0.3928500E+03 0.4500000E+02
0.2500000E+02 0.1000000E+04 0.0000000E+00 0.0000000E+00 0.1000000E+01 0.3928500E+03 0.4500000E+02
0.2600000E+02 0.0000000E+00 0.0000000E+00 0.3000000E+01 0.1000000E+01 0.6949000E+02 0.4700000E+02
0.2600000E+02 0.1068729E+03 0.1000000E+01 0.0000000E+00 0.1000000E+01 0.6949000E+02 0.4700000E+02
0.2700000E+02 0.0000000E+00 0.0000000E+00 0.3000000E+01 0.1000000E+01 0.3249900E+03 0.4900000E+02
0.2700000E+02 0.7262549E+03 0.1000000E+01 0.0000000E+00 0.1000000E+01 0.3249900E+03 0.4900000E+02
0.2800000E+02 0.0000000E+00 0.0000000E+00 0.3000000E+01 0.1000000E+01 0.3242500E+03 0.4300000E+02
0.2800000E+02 0.1000000E+04 0.0000000E+00 0.0000000E+00 0.1000000E+01 0.3242500E+03 0.4300000E+02
0.2900000E+02 0.0000000E+00 0.0000000E+00 0.3000000E+01 0.1000000E+01 0.2535000E+03 0.4600000E+02
0.2900000E+02 0.1916901E+03 0.1000000E+01 0.0000000E+00 0.1000000E+01 0.2535000E+03 0.4600000E+02
0.3000000E+02 0.0000000E+00 0.0000000E+00 0.3000000E+01 0.1000000E+01 0.4532600E+03 0.6100000E+02
0.3000000E+02 0.1000000E+04 0.0000000E+00 0.0000000E+00 0.1000000E+01 0.4532600E+03 0.6100000E+02
0.3100000E+02 0.0000000E+00 0.0000000E+00 0.3000000E+01 0.1000000E+01 0.3070200E+03 0.5900000E+02
0.3100000E+02 0.2825223E+03 0.1000000E+01 0.0000000E+00 0.1000000E+01 0.3070200E+03 0.5900000E+02
0.3200000E+02 0.0000000E+00 0.0000000E+00 0.3000000E+01 0.1000000E+01 0.4142100E+03 0.5800000E+02
0.3200000E+02 0.1000000E+04 0.0000000E+00 0.0000000E+00 0.1000000E+01 0.4142100E+03 0.5800000E+02
0.3300000E+02 0.0000000E+00 0.0000000E+00 0.3000000E+01 0.1000000E+01 0.4634000E+02 0.5000000E+02
0.3300000E+02 0.1386540E+03 0.1000000E+01 0.0000000E+00 0.1000000E+01 0.4634000E+02 0.5000000E+02
0.3400000E+02 0.0000000E+00 0.0000000E+00 0.3000000E+01 0.1000000E+01 0.7037000E+02 0.5100000E+02
0.3400000E+02 0.1098806E+03 0.1000000E+01 0.0000000E+00 0.1000000E+01 0.7037000E+02 0.5100000E+02
0.3500000E+02 0.0000000E+00 0.0000000E+00 0.3000000E+01 0.1000000E+01 0.3854500E+03 0.4500000E+02
0.3500000E+02 0.1000000E+04 0.0000000E+00 0.0000000E+00 0.1000000E+01 0.3854500E+03 0.4500000E+02
0.3600000E+02 0.0000000E+00 0.0000000E+00 0.3000000E+01 0.1000000E+01 0.4981000E+02 0.6700000E+02
0.3600000E+02 0.1982060E+03 0.1000000E+01 0.0000000E+00 0.1000000E+01 0.4981000E+02 0.6700000E+02
0.3700000E+02 0.0000000E+00 0.0000000E+00 0.3000000E+01 0.1000000E+01 0.6737000E+02 0.5600000E+02
0.3700000E+02 0.8331281E+02 0.1000000E+01 0.0000000E+00 0.1000000E+01 0.6737000E+02 0.5600000E+02
0.3800000E+02 0.0000000E+00 0.0000000E+00 0.3000000E+01 0.1000000E+01 0.1204700E+03 0.4000000E+02
0.3800000E+02 0.8762396E+02 0.1000000E+01 0.0000000E+00 0.1000000E+01 0.1204700E+03 0.4000000E+02
0.3900000E+02 0.0000000E+00 0.0000000E+00 0.3000000E+01 0.1000000E+01 0.4679700E+03 0.6000000E+02
0.3900000E+02 0.1000000E+04 0.0000000E+00 0.0000000E+00 0.1000000E+01 0.4679700E+03 0.6000000E+02
0.4000000E+02 0.0000000E+00 0.0000000E+00 0.3000000E+01 0.1000000E+01 0.8894000E+02 0.6300000E+02
0.4000000E+02 0.1235154E+03 0.1000000E+01 0.0000000E+00 0.1000000E+01 0.8894000E+02 0.6300000E+02
0.4100000E+02 0.0000000E+00 0.0000000E+00 0.3000000E+01 0.1000000E+01 0.3128900E+03 0.5300000E+02
0.4100000E+02 0.1000000E+04 0.0000000E+00 0.0000000E+00 0.1000000E+01 0.3128900E+03 0.5300000E+02
0.4200000E+02 0.0000000E+00 0.0000000E+00 0.3000000E+01 0.1000000E+01 0.2797000E+03 0.4600000E+02
0.4200000E+02 0.7763824E+03 0.1000000E+01 0.0000000E+00 0.1000000E+01 0.2797000E+03 0.4600000E+02
0.4300000E+02 0.0000000E+00 0.0000000E+00 0.3000000E+01 0.1000000E+01 0.2857300E+03 0.5100000E+02
0.4300000E+02 0.6008344E+03 0.1000000E+01 0.0000000E+00 0.1000000E+01 0.2857300E+03 0.5100000E+02
0.4400000E+02 0.0000000E+00 0.0000000E+00 0.3000000E+01 0.1000000E+01 0.1290400E+03 0.4200000E+02
0.4400000E+02 0.1359473E+03 0.1000000E+01 0.0000000E+00 0.1000000E+01 0.1290400E+03 0.4200000E+02
0.4500000E+02 0.0000000E+00 0.0000000E+00 0.3000000E+01 0.1000000E+01 0.2723000E+03 0.6500000E+02
0.4500000E+02 0.6192813E+03 0.1000000E+01 0.0000000E+00 0.1000000E+01 0.2723000E+03 0.6500000E+02
0.4600000E+02 0.0000000E+00 0.0000000E+00 0.3000000E+01 0.1000000E+01 0.4223100E+03 0.4900000E+02
0.4600000E+02 0.6399365E+03 0.1000000E+01 0.0000000E+00 0.1000000E+01 0.4223100E+03 0.4900000E+02
0.4700000E+02 0.0000000E+00 0.0000000E+00 0.3000000E+01 0.1000000E+01 0.4463800E+03 0.4500000E+02
0.4700000E+02 0.1000000E+04 0.0000000E+00 0.0000000E+00 0.1000000E+01 0.4463800E+03 0.4500000E+02
0.4800000E+02 0.0000000E+00 0.0000000E+00 0.3000000E+01 0.1000000E+01 0.3526300E+03 0.3800000E+02
0.4800000E+02 0.4409274E+03 0.1000000E+01 0.0000000E+00 0.1000000E+01 0.3526300E+03 0.3800000E+02
0.4900000E+02 0.0000000E+00 0.0000000E+00 0.3000000E+01 0.1000000E+01 0.1493600E+03 0.5800000E+02
0.4900000E+02 0.2581592E+03 0.1000000E+01 0.0000000E+00 0.1000000E+01 0.1493600E+03 0.5800000E+02
0.5000000E+02 0.0000000E+00 0.0000000E+00 0.3000000E+01 0.1000000E+01 0.1739000E+02 0.4600000E+02
0.5000000E+02 0.2626719E+02 0.1000000E+01 0.0000000E+00 0.1000000E+01 0.1739000E+02 0.4600000E+02
0.5100000E+02 0.0000000E+00 0.0000000E+00 0.3000000E+01 0.1000000E+01 0.3124300E+03 0.5600000E+02
0.5100000E+02 0.1329409E+03 0.1000000E+01 0.0000000E+00 0.1000000E+01 0.3124300E+03 0.5600000E+02
0.5200000E+02 0.0000000E+00 0.0000000E+00 0.3000000E+01 0.1000000E+01 0.4239800E+03 0.5500000E+02
0.5200000E+02 0.8595968E+03 0.1000000E+01 0.0000000E+00 0.1000000E+01 0.4239800E+03 0.5500000E+02
0.5300000E+02 0.0000000E+00 0.0000000E+00 0.3000000E+01 0.1000000E+01 0.2465300E+03 0.5800000E+02
0.5300000E+02 0.2261780E+03 0.1000000E+01 0.0000000E+00 0.1000000E+01 0.2465300E+03 0.5800000E+02
0.5400000E+02 0.0000000E+00 0.0000000E+00 0.3000000E+01 0.1000000E+01 0.8721000E+02 0.5500000E+02
0.5400000E+02 0.2371053E+03 0.1000000E+01 0.0000000E+00 0.1000000E+01 0.8721000E+02 0.5500000E+02
0.5500000E+02 0.0000000E+00 0.0000000E+00 0.3000000E+01 0.1000000E+01 0.3531700E+03 0.6800000E+02
0.5500000E+02 0.5663469E+03 0.1000000E+01 0.0000000E+00 0.1000000E+01 0.3531700E+03 0.6800000E+02
0.5600000E+02 0.0000000E+00 0.0000000E+00 0.3000000E+01 0.1000000E+01 0.2648000E+03 0.4700000E+02
0.5600000E+02 0.4071400E+03 0.1000000E+01 0.0000000E+00 0.1000000E+01 0.2648000E+03 0.4700000E+02
0.5700000E+02 0.0000000E+00 0.0000000E+00 0.3000000E+01 0.1000000E+01 0.3131400E+03 0.5300000E+02
0.5700000E+02 0.2483048E+02 0.1000000E+01 0.0000000E+00 0.1000000E+01 0.3131400E+03 0.5300000E+02
0.5800000E+02 0.0000000E+00 0.0000000E+00 0.3000000E+01 0.1000000E+01 0.3927800E+03 0.4400000E+02
0.5800000E+02 0.1000000E+04 0.0000000E+00 0.0000000E+00 0.1000000E+01 0.3927800E+03 0.4400000E+02
0.5900000E+02 0.0000000E+00 0.0000000E+00 0.3000000E+01 0.1000000E+01 0.4032300E+03 0.5200000E+02
0.5900000E+02 0.1000000E+04 0.0000000E+00 0.0000000E+00 0.1000000E+01 0.4032300E+03 0.5200000E+02
0.6000000E+02 0.0000000E+00 0.0000000E+00 0.3000000E+01 0.1000000E+01 0.1543400E+03 0.4500000E+02
0.6000000E+02 0.4148592E+03 0.1000000E+01 0.0000000E+00 0.1000000E+01 0.1543400E+03 0.4500000E+02
0.6100000E+02 0.0000000E+00 0.0000000E+00 0.3000000E+01 0.1000000E+01 0.3717200E+03 0.4600000E+02
0.6100000E+02 0.1000000E+04 0.0000000E+00 0.0000000E+00 0.1000000E+01 0.3717200E+03 0.4600000E+02
0.6200000E+02 0.0000000E+00 0.0000000E+00 0.3000000E+01 0.1000000E+01 0.1257300E+03 0.5400000E+02
0.6200000E+02 0.6937738E+02 0.1000000E+01 0.0000000E+00 0.1000000E+01 0.1257300E+03 0.5400000E+02
0.6300000E+02 0.0000000E+00 0.0000000E+00 0.3000000E+01 0.1000000E+01 0.6660000E+02 0.5700000E+02
0.6300000E+02 0.1623144E+03 0.1000000E+01 0.0000000E+00 0.1000000E+01 0.6660000E+02 0.5700000E+02
0.6400000E+02 0.0000000E+00 0.0000000E+00 0.3000000E+01 0.1000000E+01 0.3046200E+03 0.4500000E+02
0.6400000E+02 0.1000000E+04 0.0000000E+00 0.0000000E+00 0.1000000E+01 0.3046200E+03 0.4500000E+02
0.6500000E+02 0.0000000E+00 0.0000000E+00 0.3000000E+01 0.1000000E+01 0.4318400E+03 0.5000000E+02
0.6500000E+02 0.1358520E+03 0.1000000E+01 0.0000000E+00 0.1000000E+01 0.4318400E+03 0.5000000E+02
0.6600000E+02 0.0000000E+00 0.0000000E+00 0.3000000E+01 0.1000000E+01 0.3153900E+03 0.4500000E+02
0.6600000E+02 0.1000000E+04 0.0000000E+00 0.0000000E+00 0.1000000E+01 0.3153900E+03 0.4500000E+02
0.6700000E+02 0.0000000E+00 0.0000000E+00 0.3000000E+01 0.1000000E+01 0.2755200E+03 0.6000000E+02
0.6700000E+02 0.1006580E+03 0.1000000E+01 0.0000000E+00 0.1000000E+01 0.2755200E+03 0.6000000E+02
0.6800000E+02 0.0000000E+00 0.0000000E+00 0.3000000E+01 0.1000000E+01 0.2083100E+03 0.4700000E+02
0.6800000E+02 0.5212308E+03 0.1000000E+01 0.0000000E+00 0.1000000E+01 0.2083100E+03 0.4700000E+02
0.6900000E+02 0.0000000E+00 0.0000000E+00 0.3000000E+01 0.1000000E+01 0.4743000E+02 0.5700000E+02
0.6900000E+02 0.5403807E+02 0.1000000E+01 0.0000000E+00 0.1000000E+01 0.4743000E+02 0.5700000E+02
0.7000000E+02 0.0000000E+00 0.0000000E+00 0.3000000E+01 0.1000000E+01 0.9934000E+02 0.4700000E+02
0.7000000E+02 0.2157509E+03 0.1000000E+01 0.0000000E+00 0.1000000E+01 0.9934000E+02 0.4700000E+02
0.7100000E+02 0.0000000E+00 0.0000000E+00 0.3000000E+01 0.1000000E+01 0.1387000E+02 0.4300000E+02
0.7100000E+02 0.1347440E+03 0.1000000E+01 0.0000000E+00 0.1000000E+01 0.1387000E+02 0.4300000E+02
0.7200000E+02 0.0000000E+00 0.0000000E+00 0.3000000E+01 0.1000000E+01 0.3255000E+03 0.3800000E+02
0.7200000E+02 0.1000000E+04 0.0000000E+00 0.0000000E+00 0.1000000E+01 0.3255000E+03 0.3800000E+02
0.7300000E+02 0.0000000E+00 0.0000000E+00 0.3000000E+01 0.1000000E+01 0.1005700E+03 0.5100000E+02
0.7300000E+02 0.3047781E+03 0.1000000E+01 0.0000000E+00 0.1000000E+01 0.1005700E+03 0.5100000E+02
0.7400000E+02 0.0000000E+00 0.0000000E+00 0.3000000E+01 0.1000000E+01 0.4651400E+03 0.5700000E+02
0.7400000E+02 0.1000000E+04 0.0000000E+00 0.0000000E+00 0.1000000E+01 0.4651400E+03 0.5700000E+02
0.7500000E+02 0.0000000E+00 0.0000000E+00 0.3000000E+01 0.1000000E+01 0.2604200E+03 0.3300000E+02
0.7500000E+02 0.1000000E+04 0.0000000E+00 0.0000000E+00 0.1000000E+01 0.2604200E+03 0.3300000E+02
0.7600000E+02 0.0000000E+00 0.0000000E+00 0.3000000E+01 0.1000000E+01 0.4884500E+03 0.4900000E+02
0.7600000E+02 0.1000000E+04 0.0000000E+00 0.0000000E+00 0.1000000E+01 0.4884500E+03 0.4900000E+02
0.7700000E+02 0.0000000E+00 0.0000000E+00 0.3000000E+01 0.1000000E+01 0.1019700E+03 0.5600000E+02
0.7700000E+02 0.1475769E+03 0.1000000E+01 0.0000000E+00 0.1000000E+01 0.1019700E+03 0.5600000E+02
0.7800000E+02 0.0000000E+00 0.0000000E+00 0.3000000E+01 0.1000000E+01 0.3390700E+03 0.5000000E+02
0.7800000E+02 0.1000000E+04 0.0000000E+00 0.0000000E+00 0.1000000E+01 0.3390700E+03 0.5000000E+02
0.7900000E+02 0.0000000E+00 0.0000000E+00 0.3000000E+01 0.1000000E+01 0.2693700E+03 0.5700000E+02
0.7900000E+02 0.2041219E+03 0.1000000E+01 0.0000000E+00 0.1000000E+01 0.2693700E+03 0.5700000E+02
0.8000000E+02 0.0000000E+00 0.0000000E+00 0.3000000E+01 0.1000000E+01 0.3649400E+03 0.5100000E+02
0.8000000E+02 0.1000000E+04 0.0000000E+00 0.0000000E+00 0.1000000E+01 0.3649400E+03 0.5100000E+02
0.8100000E+02 0.0000000E+00 0.0000000E+00 0.3000000E+01 0.1000000E+01 0.4962400E+03 0.5300000E+02
0.8100000E+02 0.1000000E+04 0.0000000E+00 0.0000000E+00 0.1000000E+01 0.4962400E+03 0.5300000E+02
0.8200000E+02 0.0000000E+00 0.0000000E+00 0.3000000E+01 0.1000000E+01 0.4739500E+03 0.3600000E+02
0.8200000E+02 0.9477243E+03 0.1000000E+01 0.0000000E+00 0.1000000E+01 0.4739500E+03 0.3600000E+02
0.8300000E+02 0.0000000E+00 0.0000000E+00 0.3000000E+01 0.1000000E+01 0.1339800E+03 0.5200000E+02
0.8300000E+02 0.2606656E+03 0.1000000E+01 0.0000000E+00 0.1000000E+01 0.1339800E+03 0.5200000E+02
0.8400000E+02 0.0000000E+00 0.0000000E+00 0.3000000E+01 0.1000000E+01 0.1538400E+03 0.5300000E+02
0.8400000E+02 0.6383295E+03 0.1000000E+01 0.0000000E+00 0.1000000E+01 0.1538400E+03 0.5300000E+02
0.8500000E+02 0.0000000E+00 0.0000000E+00 0.3000000E+01 0.1000000E+01 0.4085800E+03 0.5300000E+02
0.8500000E+02 0.7083104E+03 0.1000000E+01 0.0000000E+00 0.1000000E+01 0.4085800E+03 0.5300000E+02
0.8600000E+02 0.0000000E+00 0.0000000E+00 0.3000000E+01 0.1000000E+01 0.3509300E+03 0.4600000E+02
0.8600000E+02 0.2787134E+03 0.1000000E+01 0.0000000E+00 0.1000000E+01 0.3509300E+03 0.4600000E+02
0.8700000E+02 0.0000000E+00 0.0000000E+00 0.3000000E+01 0.1000000E+01 0.2668400E+03 0.5200000E+02
0.8700000E+02 0.2401137E+03 0.1000000E+01 0.0000000E+00 0.1000000E+01 0.2668400E+03 0.5200000E+02
0.8800000E+02 0.0000000E+00 0.0000000E+00 0.3000000E+01 0.1000000E+01 0.3709400E+03 0.4200000E+02
0.8800000E+02 0.1000000E+04 0.0000000E+00 0.0000000E+00 0.1000000E+01 0.3709400E+03 0.4200000E+02
0.8900000E+02 0.0000000E+00 0.0000000E+00 0.3000000E+01 0.1000000E+01 0.4593500E+03 0.5800000E+02
0.8900000E+02 0.1000000E+04 0.0000000E+00 0.0000000E+00 0.1000000E+01 0.4593500E+03 0.5800000E+02
0.9000000E+02 0.0000000E+00 0.0000000E+00 0.3000000E+01 0.1000000E+01 0.1139600E+03 0.5200000E+02
0.9000000E+02 0.2325939E+03 0.1000000E+01 0.0000000E+00 0.1000000E+01 0.1139600E+03 0.5200000E+02
0.9100000E+02 0.0000000E+00 0.0000000E+00 0.3000000E+01 0.1000000E+01 0.2184000E+02 0.5000000E+02
0.9100000E+02 0.5504061E+02 0.1000000E+01 0.0000000E+00 0.1000000E+01 0.2184000E+02 0.5000000E+02
0.9200000E+02 0.0000000E+00 0.0000000E+00 0.3000000E+01 0.1000000E+01 0.2149500E+03 0.5200000E+02
0.9200000E+02 0.8155821E+03 0.1000000E+01 0.0000000E+00 0.1000000E+01 0.2149500E+03 0.5200000E+02
0.9300000E+02 0.0000000E+00 0.0000000E+00 0.3000000E+01 0.1000000E+01 0.8331000E+02 0.4200000E+02
0.9300000E+02 0.3658541E+02 0.1000000E+01 0.0000000E+00 0.1000000E+01 0.8331000E+02 0.4200000E+02
0.9400000E+02 0.0000000E+00 0.0000000E+00 0.3000000E+01 0.1000000E+01 0.4045300E+03 0.4600000E+02
0.9400000E+02 0.1000000E+04 0.0000000E+00 0.0000000E+00 0.1000000E+01 0.4045300E+03 0.4600000E+02
0.9500000E+02 0.0000000E+00 0.0000000E+00 0.3000000E+01 0.1000000E+01 0.1262700E+03 0.5400000E+02
0.9500000E+02 0.1641191E+03 0.1000000E+01 0.0000000E+00 0.1000000E+01 0.1262700E+03 0.5400000E+02
0.9600000E+02 0.0000000E+00 0.0000000E+00 0.3000000E+01 0.1000000E+01 0.5061000E+02 0.6000000E+02
0.9600000E+02 0.6636954E+02 0.1000000E+01 0.0000000E+00 0.1000000E+01 0.5061000E+02 0.6000000E+02
0.9700000E+02 0.0000000E+00 0.0000000E+00 0.3000000E+01 0.1000000E+01 0.4953300E+03 0.5100000E+02
0.9700000E+02 0.1000000E+04 0.0000000E+00 0.0000000E+00 0.1000000E+01 0.4953300E+03 0.5100000E+02
0.9800000E+02 0.0000000E+00 0.0000000E+00 0.3000000E+01 0.1000000E+01 0.3248800E+03 0.5200000E+02
0.9800000E+02 0.1769533E+03 0.1000000E+01 0.0000000E+00 0.1000000E+01 0.3248800E+03 0.5200000E+02
0.9900000E+02 0.0000000E+00 0.0000000E+00 0.3000000E+01 0.1000000E+01 0.3771400E+03 0.5100000E+02
0.9900000E+02 0.6054473E+03 0.1000000E+01 0.0000000E+00 0.1000000E+01 0.3771400E+03 0.5100000E+02
0.1000000E+03 0.0000000E+00 0.0000000E+00 0.3000000E+01 0.1000000E+01 0.1992200E+03 0.5300000E+02
0.1000000E+03 0.2219670E+03 0.1000000E+01 0.0000000E+00 0.1000000E+01 0.1992200E+03 0.5300000E+02
0.1010000E+03 0.0000000E+00 0.0000000E+00 0.3000000E+01 0.1000000E+01 0.4161100E+03 0.5800000E+02
0.1010000E+03 0.1000000E+04 0.0000000E+00 0.0000000E+00 0.1000000E+01 0.4161100E+03 0.5800000E+02
0.1020000E+03 0.0000000E+00 0.0000000E+00 0.3000000E+01 0.1000000E+01 0.1138200E+03 0.4000000E+02
0.1020000E+03 0.2253755E+03 0.1000000E+01 0.0000000E+00 0.1000000E+01 0.1138200E+03 0.4000000E+02
0.1030000E+03 0.0000000E+00 0.0000000E+00 0.3000000E+01 0.1000000E+01 0.4136400E+03 0.5100000E+02
0.1030000E+03 0.1000000E+04 0.0000000E+00 0.0000000E+00 0.1000000E+01 0.4136400E+03 0.5100000E+02
0.1040000E+03 0.0000000E+00 0.0000000E+00 0.3000000E+01 0.1000000E+01 0.1686000E+03 0.5600000E+02
0.1040000E+03 0.4848378E+03 0.1000000E+01 0.0000000E+00 0.1000000E+01 0.1686000E+03 0.5600000E+02
0.1050000E+03 0.0000000E+00 0.0000000E+00 0.3000000E+01 0.1000000E+01 0.4062800E+03 0.5400000E+02
0.1050000E+03 0.1000000E+04 0.0000000E+00 0.0000000E+00 0.1000000E+01 0.4062800E+03 0.5400000E+02
0.1060000E+03 0.0000000E+00 0.0000000E+00 0.3000000E+01 0.1000000E+01 0.7246000E+02 0.5700000E+02
0.1060000E+03 0.8802484E+02 0.1000000E+01 0.0000000E+00 0.1000000E+01 0.7246000E+02 0.5700000E+02
0.1070000E+03 0.0000000E+00 0.0000000E+00 0.3000000E+01 0.1000000E+01 0.1371000E+03 0.5200000E+02
0.1070000E+03 0.1658235E+03 0.1000000E+01 0.0000000E+00 0.1000000E+01 0.1371000E+03 0.5200000E+02
0.1080000E+03 0.0000000E+00 0.0000000E+00 0.3000000E+01 0.1000000E+01 0.4717900E+03 0.5800000E+02
0.1080000E+03 0.1000000E+04 0.0000000E+00 0.0000000E+00 0.1000000E+01 0.4717900E+03 0.5800000E+02
0.1090000E+03 0.0000000E+00 0.0000000E+00 0.3000000E+01 0.1000000E+01 0.2768500E+03 0.6800000E+02
0.1090000E+03 0.9105246E+03 0.1000000E+01 0.0000000E+00 0.1000000E+01 0.2768500E+03 0.6800000E+02
0.1100000E+03 0.0000000E+00 0.0000000E+00 0.3000000E+01 0.1000000E+01 0.4724900E+03 0.4000000E+02
0.1100000E+03 0.1000000E+04 0.0000000E+00 0.0000000E+00 0.1000000E+01 0.4724900E+03 0.4000000E+02
0.1110000E+03 0.0000000E+00 0.0000000E+00 0.3000000E+01 0.1000000E+01 0.4455100E+03 0.3600000E+02
0.1110000E+03 0.1000000E+04 0.0000000E+00 0.0000000E+00 0.1000000E+01 0.4455100E+03 0.3600000E+02
0.1120000E+03 0.0000000E+00 0.0000000E+00 0.3000000E+01 0.1000000E+01 0.1936400E+03 0.5700000E+02
0.1120000E+03 0.5088993E+03 0.1000000E+01 0.0000000E+00 0.1000000E+01 0.1936400E+03 0.5700000E+02
0.1130000E+03 0.0000000E+00 0.0000000E+00 0.3000000E+01 0.1000000E+01 0.2084300E+03 0.4900000E+02
0.1130000E+03 0.7533232E+03 0.1000000E+01 0.0000000E+00 0.1000000E+01 0.2084300E+03 0.4900000E+02
0.1140000E+03 0.0000000E+00 0.0000000E+00 0.3000000E+01 0.1000000E+01 0.1877500E+03 0.5500000E+02
0.1140000E+03 0.6536740E+02 0.1000000E+01 0.0000000E+00 0.1000000E+01 0.1877500E+03 0.5500000E+02
0.1150000E+03 0.0000000E+00 0.0000000E+00 0.3000000E+01 0.1000000E+01 0.3796700E+03 0.5700000E+02
0.1150000E+03 0.1000000E+04 0.0000000E+00 0.0000000E+00 0.1000000E+01 0.3796700E+03 0.5700000E+02
0.1160000E+03 0.0000000E+00 0.0000000E+00 0.3000000E+01 0.1000000E+01 0.9120000E+02 0.5100000E+02
0.1160000E+03 0.4117511E+03 0.1000000E+01 0.0000000E+00 0.1000000E+01 0.9120000E+02 0.5100000E+02
0.1170000E+03 0.0000000E+00 0.0000000E+00 0.3000000E+01 0.1000000E+01 0.4754000E+03 0.3400000E+02
0.1170000E+03 0.1000000E+04 0.0000000E+00 0.0000000E+00 0.1000000E+01 0.4754000E+03 0.3400000E+02
0.1180000E+03 0.0000000E+00 0.0000000E+00 0.3000000E+01 0.1000000E+01 0.4140800E+03 0.4900000E+02
0.1180000E+03 0.1000000E+04 0.0000000E+00 0.0000000E+00 0.1000000E+01 0.4140800E+03 0.4900000E+02
0.1190000E+03 0.0000000E+00 0.0000000E+00 0.3000000E+01 0.1000000E+01 0.3024100E+03 0.3700000E+02
0.1190000E+03 0.5151159E+03 0.1000000E+01 0.0000000E+00 0.1000000E+01 0.3024100E+03 0.3700000E+02
0.1200000E+03 0.0000000E+00 0.0000000E+00 0.3000000E+01 0.1000000E+01 0.1370000E+01 0.5800000E+02
0.1200000E+03 0.1212095E+03 0.1000000E+01 0.0000000E+00 0.1000000E+01 0.1370000E+01 0.5800000E+02
0.1210000E+03 0.0000000E+00 0.0000000E+00 0.3000000E+01 0.1000000E+01 0.3892600E+03 0.5200000E+02
0.1210000E+03 0.1000000E+04 0.0000000E+00 0.0000000E+00 0.1000000E+01 0.3892600E+03 0.5200000E+02
0.1220000E+03 0.0000000E+00 0.0000000E+00 0.3000000E+01 0.1000000E+01 0.1835200E+03 0.4700000E+02
0.1220000E+03 0.3035752E+03 0.1000000E+01 0.0000000E+00 0.1000000E+01 0.1835200E+03 0.4700000E+02
0.1230000E+03 0.0000000E+00 0.0000000E+00 0.3000000E+01 0.1000000E+01 0.3352300E+03 0.5400000E+02
0.1230000E+03 0.1787581E+03 0.1000000E+01 0.0000000E+00 0.1000000E+01 0.3352300E+03 0.5400000E+02
0.1240000E+03 0.0000000E+00 0.0000000E+00 0.3000000E+01 0.1000000E+01 0.1073100E+03 0.5400000E+02
0.1240000E+03 0.1176004E+03 0.1000000E+01 0.0000000E+00 0.1000000E+01 0.1073100E+03 0.5400000E+02
0.1250000E+03 0.0000000E+00 0.0000000E+00 0.3000000E+01 0.1000000E+01 0.3648200E+03 0.5400000E+02
0.1250000E+03 0.1000000E+04 0.0000000E+00 0.0000000E+00 0.1000000E+01 0.3648200E+03 0.5400000E+02
0.1260000E+03 0.0000000E+00 0.0000000E+00 0.3000000E+01 0.1000000E+01 0.4422200E+03 0.4900000E+02
0.1260000E+03 0.1000000E+04 0.0000000E+00 0.0000000E+00 0.1000000E+01 0.4422200E+03 0.4900000E+02
0.1270000E+03 0.0000000E+00 0.0000000E+00 0.3000000E+01 0.1000000E+01 0.1920100E+03 0.4800000E+02
0.1270000E+03 0.5205290E+03 0.1000000E+01 0.0000000E+00 0.1000000E+01 0.1920100E+03 0.4800000E+02
0.1280000E+03 0.0000000E+00 0.0000000E+00 0.3000000E+01 0.1000000E+01 0.1852500E+03 0.4800000E+02
0.1280000E+03 0.6334171E+03 0.1000000E+01 0.0000000E+00 0.1000000E+01 0.1852500E+03 0.4800000E+02
0.1290000E+03 0.0000000E+00 0.0000000E+00 0.3000000E+01 0.1000000E+01 0.1362800E+03 0.4500000E+02
0.1290000E+03 0.6546747E+02 0.1000000E+01 0.0000000E+00 0.1000000E+01 0.1362800E+03 0.4500000E+02
0.1300000E+03 0.0000000E+00 0.0000000E+00 0.3000000E+01 0.1000000E+01 0.1563800E+03 0.4700000E+02
0.1300000E+03 0.1905868E+03 0.1000000E+01 0.0000000E+00 0.1000000E+01 0.1563800E+03 0.4700000E+02
0.1310000E+03 0.0000000E+00 0.0000000E+00 0.3000000E+01 0.1000000E+01 0.2904800E+03 0.5700000E+02
0.1310000E+03 0.1000000E+04 0.0000000E+00 0.0000000E+00 0.1000000E+01 0.2904800E+03 0.5700000E+02
0.1320000E+03 0.0000000E+00 0.0000000E+00 0.3000000E+01 0.1000000E+01 0.3352700E+03 0.6900000E+02
0.1320000E+03 0.1000000E+04 0.0000000E+00 0.0000000E+00 0.1000000E+01 0.3352700E+03 0.6900000E+02
0.1330000E+03 0.0000000E+00 0.0000000E+00 0.3000000E+01 0.1000000E+01 0.2452400E+03 0.4600000E+02
0.1330000E+03 0.1000000E+04 0.0000000E+00 0.0000000E+00 0.1000000E+01 0.2452400E+03 0.4600000E+02
0.1340000E+03 0.0000000E+00 0.0000000E+00 0.3000000E+01 0.1000000E+01 0.5550000E+01 0.5800000E+02
0.1340000E+03 0.2140843E+02 0.1000000E+01 0.0000000E+00 0.1000000E+01 0.5550000E+01 0.5800000E+02
0.1350000E+03 0.0000000E+00 0.0000000E+00 0.3000000E+01 0.1000000E+01 0.2620700E+03 0.4800000E+02
0.1350000E+03 0.1000000E+04 0.0000000E+00 0.0000000E+00 0.1000000E+01 0.2620700E+03 0.4800000E+02
0.1360000E+03 0.0000000E+00 0.0000000E+00 0.3000000E+01 0.1000000E+01 0.1804900E+03 0.5300000E+02
0.1360000E+03 0.2841256E+03 0.1000000E+01 0.0000000E+00 0.1000000E+01 0.1804900E+03 0.5300000E+02
0.1370000E+03 0.0000000E+00 0.0000000E+00 0.3000000E+01 0.1000000E+01 0.4834400E+03 0.5000000E+02
0.1370000E+03 0.1000000E+04 0.0000000E+00 0.0000000E+00 0.1000000E+01 0.4834400E+03 0.5000000E+02
0.1380000E+03 0.0000000E+00 0.0000000E+00 0.3000000E+01 0.1000000E+01 0.2783000E+03 0.4800000E+02
0.1380000E+03 0.1000000E+04 0.0000000E+00 0.0000000E+00 0.1000000E+01 0.2783000E+03 0.4800000E+02
0.1390000E+03 0.0000000E+00 0.0000000E+00 0.3000000E+01 0.1000000E+01 0.3645700E+03 0.6400000E+02
0.1390000E+03 0.9383966E+03 0.1000000E+01 0.0000000E+00 0.1000000E+01 0.3645700E+03 0.6400000E+02
0.1400000E+03 0.0000000E+00 0.0000000E+00 0.3000000E+01 0.1000000E+01 0.2658800E+03 0.5000000E+02
0.1400000E+03 0.6373274E+03 0.1000000E+01 0.0000000E+00 0.1000000E+01 0.2658800E+03 0.5000000E+02
0.1410000E+03 0.0000000E+00 0.0000000E+00 0.3000000E+01 0.1000000E+01 0.4836800E+03 0.4600000E+02
0.1410000E+03 0.1000000E+04 0.0000000E+00 0.0000000E+00 0.1000000E+01 0.4836800E+03 0.4600000E+02
0.1420000E+03 0.0000000E+00 0.0000000E+00 0.3000000E+01 0.1000000E+01 0.3298000E+03 0.5500000E+02
0.1420000E+03 0.1000000E+04 0.0000000E+00 0.0000000E+00 0.1000000E+01 0.3298000E+03 0.5500000E+02
0.1430000E+03 0.0000000E+00 0.0000000E+00 0.3000000E+01 0.1000000E+01 0.2172000E+02 0.4200000E+02
0.1430000E+03 0.6787336E+02 0.1000000E+01 0.0000000E+00 0.1000000E+01 0.2172000E+02 0.4200000E+02
0.1440000E+03 0.0000000E+00 0.0000000E+00 0.3000000E+01 0.1000000E+01 0.3667200E+03 0.4900000E+02
0.1440000E+03 0.4880476E+03 0.1000000E+01 0.0000000E+00 0.1000000E+01 0.3667200E+03 0.4900000E+02
0.1450000E+03 0.0000000E+00 0.0000000E+00 0.3000000E+01 0.1000000E+01 0.1735900E+03 0.4200000E+02
0.1450000E+03 0.2405143E+03 0.1000000E+01 0.0000000E+00 0.1000000E+01 0.1735900E+03 0.4200000E+02
0.1460000E+03 0.0000000E+00 0.0000000E+00 0.3000000E+01 0.1000000E+01 0.1761600E+03 0.3900000E+02
0.1460000E+03 0.1917900E+03 0.1000000E+01 0.0000000E+00 0.1000000E+01 0.1761600E+03 0.3900000E+02
0.1470000E+03 0.0000000E+00 0.0000000E+00 0.3000000E+01 0.1000000E+01 0.6085000E+02 0.4900000E+02
0.1470000E+03 0.7368825E+02 0.1000000E+01 0.0000000E+00 0.1000000E+01 0.6085000E+02 0.4900000E+02
0.1480000E+03 0.0000000E+00 0.0000000E+00 0.3000000E+01 0.1000000E+01 0.1667400E+03 0.4000000E+02
0.1480000E+03 0.2617685E+03 0.1000000E+01 0.0000000E+00 0.1000000E+01 0.1667400E+03 0.4000000E+02
0.1490000E+03 0.0000000E+00 0.0000000E+00 0.3000000E+01 0.1000000E+01 0.4290300E+03 0.5700000E+02
0.1490000E+03 0.1000000E+04 0.0000000E+00 0.0000000E+00 0.1000000E+01 0.4290300E+03 0.5700000E+02
0.1500000E+03 0.0000000E+00 0.0000000E+00 0.3000000E+01 0.1000000E+01 0.3733000E+03 0.4200000E+02
0.1500000E+03 0.4682975E+03 0.1000000E+01 0.0000000E+00 0.1000000E+01 0.3733000E+03 0.4200000E+02
0.1510000E+03 0.0000000E+00 0.0000000E+00 0.3000000E+01 0.0000000E+00 0.0000000E+00 0.4800000E+02
0.1510000E+03 0.2934491E+03 0.1000000E+01 0.0000000E+00 0.0000000E+00 0.0000000E+00 0.4800000E+02
0.1520000E+03 0.0000000E+00 0.0000000E+00 0.3000000E+01 0.0000000E+00 0.0000000E+00 0.4600000E+02
0.1520000E+03 0.4852396E+02 0.1000000E+01 0.0000000E+00 0.0000000E+00 0.0000000E+00 0.4600000E+02
0.1530000E+03 0.0000000E+00 0.0000000E+00 0.3000000E+01 0.0000000E+00 0.0000000E+00 0.5800000E+02
0.1530000E+03 0.7198382E+02 0.1000000E+01 0.0000000E+00 0.0000000E+00 0.0000000E+00 0.5800000E+02
0.1540000E+03 0.0000000E+00 0.0000000E+00 0.3000000E+01 0.0000000E+00 0.0000000E+00 0.6200000E+02
0.1540000E+03 0.1588050E+02 0.1000000E+01 0.0000000E+00 0.0000000E+00 0.0000000E+00 0.6200000E+02
0.1550000E+03 0.0000000E+00 0.0000000E+00 0.3000000E+01 0.0000000E+00 0.0000000E+00 0.5500000E+02
0.1550000E+03 0.7129914E+01 0.1000000E+01 0.0000000E+00 0.0000000E+00 0.0000000E+00 0.5500000E+02
0.1560000E+03 0.0000000E+00 0.0000000E+00 0.3000000E+01 0.0000000E+00 0.0000000E+00 0.5000000E+02
0.1560000E+03 0.1340150E+02 0.1000000E+01 0.0000000E+00 0.0000000E+00 0.0000000E+00 0.5000000E+02
0.1570000E+03 0.0000000E+00 0.0000000E+00 0.3000000E+01 0.0000000E+00 0.0000000E+00 0.4600000E+02
0.1570000E+03 0.4351117E+02 0.1000000E+01 0.0000000E+00 0.0000000E+00 0.0000000E+00 0.4600000E+02
0.1580000E+03 0.0000000E+00 0.0000000E+00 0.3000000E+01 0.0000000E+00 0.0000000E+00 0.5100000E+02
0.1580000E+03 0.2626716E+02 0.1000000E+01 0.0000000E+00 0.0000000E+00 0.0000000E+00 0.5100000E+02
0.1590000E+03 0.0000000E+00 0.0000000E+00 0.3000000E+01 0.0000000E+00 0.0000000E+00 0.4400000E+02
0.1590000E+03 0.4601756E+02 0.1000000E+01 0.0000000E+00 0.0000000E+00 0.0000000E+00 0.4400000E+02
0.1600000E+03 0.0000000E+00 0.0000000E+00 0.3000000E+01 0.0000000E+00 0.0000000E+00 0.5200000E+02
0.1600000E+03 0.1167982E+03 0.1000000E+01 0.0000000E+00 0.0000000E+00 0.0000000E+00 0.5200000E+02
0.1610000E+03 0.0000000E+00 0.0000000E+00 0.3000000E+01 0.0000000E+00 0.0000000E+00 0.5000000E+02
0.1610000E+03 0.1282274E+03 0.1000000E+01 0.0000000E+00 0.0000000E+00 0.0000000E+00 0.5000000E+02
0.1620000E+03 0.0000000E+00 0.0000000E+00 0.3000000E+01 0.0000000E+00 0.0000000E+00 0.5600000E+02
0.1620000E+03 0.2914752E+02 0.1000000E+01 0.0000000E+00 0.0000000E+00 0.0000000E+00 0.5600000E+02
0.1630000E+03 0.0000000E+00 0.0000000E+00 0.3000000E+01 0.0000000E+00 0.0000000E+00 0.4500000E+02
0.1630000E+03 0.3962114E+03 0.1000000E+01 0.0000000E+00 0.0000000E+00 0.0000000E+00 0.4500000E+02
0.1640000E+03 0.0000000E+00 0.0000000E+00 0.3000000E+01 0.0000000E+00 0.0000000E+00 0.5300000E+02
0.1640000E+03 0.6215875E+02 0.1000000E+01 0.0000000E+00 0.0000000E+00 0.0000000E+00 0.5300000E+02
0.1650000E+03 0.0000000E+00 0.0000000E+00 0.3000000E+01 0.0000000E+00 0.0000000E+00 0.5500000E+02
0.1650000E+03 0.8652092E+02 0.1000000E+01 0.0000000E+00 0.0000000E+00 0.0000000E+00 0.5500000E+02
0.1660000E+03 0.0000000E+00 0.0000000E+00 0.3000000E+01 0.0000000E+00 0.0000000E+00 0.4800000E+02
0.1660000E+03 0.1769517E+03 0.1000000E+01 0.0000000E+00 0.0000000E+00 0.0000000E+00 0.4800000E+02
0.1670000E+03 0.0000000E+00 0.0000000E+00 0.3000000E+01 0.0000000E+00 0.0000000E+00 0.6300000E+02
0.1670000E+03 0.6175771E+02 0.1000000E+01 0.0000000E+00 0.0000000E+00 0.0000000E+00 0.6300000E+02
0.1680000E+03 0.0000000E+00 0.0000000E+00 0.3000000E+01 0.0000000E+00 0.0000000E+00 0.4100000E+02
0.1680000E+03 0.4280938E+02 0.1000000E+01 0.0000000E+00 0.0000000E+00 0.0000000E+00 0.4100000E+02
0.1690000E+03 0.0000000E+00 0.0000000E+00 0.3000000E+01 0.0000000E+00 0.0000000E+00 0.4400000E+02
0.1690000E+03 0.5423854E+02 0.1000000E+01 0.0000000E+00 0.0000000E+00 0.0000000E+00 0.4400000E+02
0.1700000E+03 0.0000000E+00 0.0000000E+00 0.3000000E+01 0.0000000E+00 0.0000000E+00 0.4300000E+02
0.1700000E+03 0.7489125E+02 0.1000000E+01 0.0000000E+00 0.0000000E+00 0.0000000E+00 0.4300000E+02
0.1710000E+03 0.0000000E+00 0.0000000E+00 0.3000000E+01 0.0000000E+00 0.0000000E+00 0.5800000E+02
0.1710000E+03 0.4511525E+02 0.1000000E+01 0.0000000E+00 0.0000000E+00 0.0000000E+00 0.5800000E+02
0.1720000E+03 0.0000000E+00 0.0000000E+00 0.3000000E+01 0.0000000E+00 0.0000000E+00 0.6000000E+02
0.1720000E+03 0.7238484E+02 0.1000000E+01 0.0000000E+00 0.0000000E+00 0.0000000E+00 0.6000000E+02
0.1730000E+03 0.0000000E+00 0.0000000E+00 0.3000000E+01 0.0000000E+00 0.0000000E+00 0.4400000E+02
0.1730000E+03 0.1477496E+02 0.1000000E+01 0.0000000E+00 0.0000000E+00 0.0000000E+00 0.4400000E+02
0.1740000E+03 0.0000000E+00 0.0000000E+00 0.3000000E+01 0.0000000E+00 0.0000000E+00 0.6100000E+02
0.1740000E+03 0.8451580E+02 0.1000000E+01 0.0000000E+00 0.0000000E+00 0.0000000E+00 0.6100000E+02
0.1750000E+03 0.0000000E+00 0.0000000E+00 0.3000000E+01 0.0000000E+00 0.0000000E+00 0.4900000E+02
0.1750000E+03 0.4787741E+01 0.1000000E+01 0.0000000E+00 0.0000000E+00 0.0000000E+00 0.4900000E+02
0.1760000E+03 0.0000000E+00 0.0000000E+00 0.3000000E+01 0.0000000E+00 0.0000000E+00 0.5000000E+02
0.1760000E+03 0.6636950E+02 0.1000000E+01 0.0000000E+00 0.0000000E+00 0.0000000E+00 0.5000000E+02
0.1770000E+03 0.0000000E+00 0.0000000E+00 0.3000000E+01 0.0000000E+00 0.0000000E+00 0.3300000E+02
0.1770000E+03 0.4441349E+02 0.1000000E+01 0.0000000E+00 0.0000000E+00 0.0000000E+00 0.3300000E+02
0.1780000E+03 0.0000000E+00 0.0000000E+00 0.3000000E+01 0.0000000E+00 0.0000000E+00 0.4000000E+02
0.1780000E+03 0.9353884E+02 0.1000000E+01 0.0000000E+00 0.0000000E+00 0.0000000E+00 0.4000000E+02
0.1790000E+03 0.0000000E+00 0.0000000E+00 0.3000000E+01 0.0000000E+00 0.0000000E+00 0.5800000E+02
0.1790000E+03 0.1581969E+02 0.1000000E+01 0.0000000E+00 0.0000000E+00 0.0000000E+00 0.5800000E+02
0.1800000E+03 0.0000000E+00 0.0000000E+00 0.3000000E+01 0.0000000E+00 0.0000000E+00 0.3700000E+02
0.1800000E+03 0.1257210E+03 0.1000000E+01 0.0000000E+00 0.0000000E+00 0.0000000E+00 0.3700000E+02
0.1810000E+03 0.0000000E+00 0.0000000E+00 0.3000000E+01 0.0000000E+00 0.0000000E+00 0.5100000E+02
0.1810000E+03 0.1116851E+03 0.1000000E+01 0.0000000E+00 0.0000000E+00 0.0000000E+00 0.5100000E+02
0.1820000E+03 0.0000000E+00 0.0000000E+00 0.3000000E+01 0.0000000E+00 0.0000000E+00 0.5100000E+02
0.1820000E+03 0.2075298E+03 0.1000000E+01 0.0000000E+00 0.0000000E+00 0.0000000E+00 0.5100000E+02
0.1830000E+03 0.0000000E+00 0.0000000E+00 0.3000000E+01 0.0000000E+00 0.0000000E+00 0.5400000E+02
0.1830000E+03 0.3260185E+01 0.1000000E+01 0.0000000E+00 0.0000000E+00 0.0000000E+00 0.5400000E+02
0.1840000E+03 0.0000000E+00 0.0000000E+00 0.3000000E+01 0.0000000E+00 0.0000000E+00 0.5100000E+02
0.1840000E+03 0.7268561E+02 0.1000000E+01 0.0000000E+00 0.0000000E+00 0.0000000E+00 0.5100000E+02
0.1850000E+03 0.0000000E+00 0.0000000E+00 0.3000000E+01 0.0000000E+00 0.0000000E+00 0.5600000E+02
0.1850000E+03 0.6596847E+02 0.1000000E+01 0.0000000E+00 0.0000000E+00 0.0000000E+00 0.5600000E+02
0.1860000E+03 0.0000000E+00 0.0000000E+00 0.3000000E+01 0.0000000E+00 0.0000000E+00 0.5400000E+02
0.1860000E+03 0.1297312E+03 0.1000000E+01 0.0000000E+00 0.0000000E+00 0.0000000E+00 0.5400000E+02
0.1870000E+03 0.0000000E+00 0.0000000E+00 0.3000000E+01 0.0000000E+00 0.0000000E+00 0.3100000E+02
0.1870000E+03 0.4280940E+02 0.1000000E+01 0.0000000E+00 0.0000000E+00 0.0000000E+00 0.3100000E+02
0.1880000E+03 0.0000000E+00 0.0000000E+00 0.3000000E+01 0.0000000E+00 0.0000000E+00 0.5900000E+02
0.1880000E+03 0.1793563E+02 0.1000000E+01 0.0000000E+00 0.0000000E+00 0.0000000E+00 0.5900000E+02
0.1890000E+03 0.0000000E+00 0.0000000E+00 0.3000000E+01 0.0000000E+00 0.0000000E+00 0.5300000E+02
0.1890000E+03 0.6526668E+02 0.1000000E+01 0.0000000E+00 0.0000000E+00 0.0000000E+00 0.5300000E+02
0.1900000E+03 0.0000000E+00 0.0000000E+00 0.3000000E+01 0.0000000E+00 0.0000000E+00 0.5200000E+02
0.1900000E+03 0.7609431E+02 0.1000000E+01 0.0000000E+00 0.0000000E+00 0.0000000E+00 0.5200000E+02
0.1910000E+03 0.0000000E+00 0.0000000E+00 0.3000000E+01 0.0000000E+00 0.0000000E+00 0.5700000E+02
0.1910000E+03 0.1543941E+03 0.1000000E+01 0.0000000E+00 0.0000000E+00 0.0000000E+00 0.5700000E+02
0.1920000E+03 0.0000000E+00 0.0000000E+00 0.3000000E+01 0.0000000E+00 0.0000000E+00 0.4400000E+02
0.1920000E+03 0.1822653E+03 0.1000000E+01 0.0000000E+00 0.0000000E+00 0.0000000E+00 0.4400000E+02
0.1930000E+03 0.0000000E+00 0.0000000E+00 0.3000000E+01 0.0000000E+00 0.0000000E+00 0.5100000E+02
0.1930000E+03 0.6326156E+02 0.1000000E+01 0.0000000E+00 0.0000000E+00 0.0000000E+00 0.5100000E+02
0.1940000E+03 0.0000000E+00 0.0000000E+00 0.3000000E+01 0.0000000E+00 0.0000000E+00 0.4600000E+02
0.1940000E+03 0.7659560E+02 0.1000000E+01 0.0000000E+00 0.0000000E+00 0.0000000E+00 0.4600000E+02
0.1950000E+03 0.0000000E+00 0.0000000E+00 0.3000000E+01 0.0000000E+00 0.0000000E+00 0.4500000E+02
0.1950000E+03 0.1757487E+03 0.1000000E+01 0.0000000E+00 0.0000000E+00 0.0000000E+00 0.4500000E+02
0.1960000E+03 0.0000000E+00 0.0000000E+00 0.3000000E+01 0.0000000E+00 0.0000000E+00 0.4800000E+02
0.1960000E+03 0.5203291E+02 0.1000000E+01 0.0000000E+00 0.0000000E+00 0.0000000E+00 0.4800000E+02
0.1970000E+03 0.0000000E+00 0.0000000E+00 0.3000000E+01 0.0000000E+00 0.0000000E+00 0.5300000E+02
0.1970000E+03 0.3256478E+02 0.1000000E+01 0.0000000E+00 0.0000000E+00 0.0000000E+00 0.5300000E+02
0.1980000E+03 0.0000000E+00 0.0000000E+00 0.3000000E+01 0.0000000E+00 0.0000000E+00 0.5400000E+02
0.1980000E+03 0.5002779E+02 0.1000000E+01 0.0000000E+00 0.0000000E+00 0.0000000E+00 0.5400000E+02
0.1990000E+03 0.0000000E+00 0.0000000E+00 0.3000000E+01 0.0000000E+00 0.0000000E+00 0.6100000E+02
0.1990000E+03 0.5794799E+02 0.1000000E+01 0.0000000E+00 0.0000000E+00 0.0000000E+00 0.6100000E+02
0.2000000E+03 0.0000000E+00 0.0000000E+00 0.3000000E+01 0.0000000E+00 0.0000000E+00 0.5500000E+02
0.2000000E+03 0.3397189E+02 0.1000000E+01 0.0000000E+00 0.0000000E+00 0.0000000E+00 0.5500000E+02
0.2010000E+03 0.0000000E+00 0.0000000E+00 0.3000000E+01 0.0000000E+00 0.0000000E+00 0.4600000E+02
0.2010000E+03 0.1959001E+03 0.1000000E+01 0.0000000E+00 0.0000000E+00 0.0000000E+00 0.4600000E+02
0.2020000E+03 0.0000000E+00 0.0000000E+00 0.3000000E+01 0.0000000E+00 0.0000000E+00 0.4600000E+02
0.2020000E+03 0.2794144E+02 0.1000000E+01 0.0000000E+00 0.0000000E+00 0.0000000E+00 0.4600000E+02
0.2030000E+03 0.0000000E+00 0.0000000E+00 0.3000000E+01 0.0000000E+00 0.0000000E+00 0.5900000E+02
0.2030000E+03 0.1632167E+03 0.1000000E+01 0.0000000E+00 0.0000000E+00 0.0000000E+00 0.5900000E+02
0.2040000E+03 0.0000000E+00 0.0000000E+00 0.3000000E+01 0.0000000E+00 0.0000000E+00 0.5100000E+02
0.2040000E+03 0.5504058E+02 0.1000000E+01 0.0000000E+00 0.0000000E+00 0.0000000E+00 0.5100000E+02
0.2050000E+03 0.0000000E+00 0.0000000E+00 0.3000000E+01 0.0000000E+00 0.0000000E+00 0.5500000E+02
0.2050000E+03 0.1989078E+03 0.1000000E+01 0.0000000E+00 0.0000000E+00 0.0000000E+00 0.5500000E+02
0.2060000E+03 0.0000000E+00 0.0000000E+00 0.3000000E+01 0.0000000E+00 0.0000000E+00 0.5600000E+02
0.2060000E+03 0.1059706E+03 0.1000000E+01 0.0000000E+00 0.0000000E+00 0.0000000E+00 0.5600000E+02
0.2070000E+03 0.0000000E+00 0.0000000E+00 0.3000000E+01 0.0000000E+00 0.0000000E+00 0.4400000E+02
0.2070000E+03 0.1381527E+03 0.1000000E+01 0.0000000E+00 0.0000000E+00 0.0000000E+00 0.4400000E+02
0.2080000E+03 0.0000000E+00 0.0000000E+00 0.3000000E+01 0.0000000E+00 0.0000000E+00 0.4600000E+02
0.2080000E+03 0.2037201E+03 0.1000000E+01 0.0000000E+00 0.0000000E+00 0.0000000E+00 0.4600000E+02
0.2090000E+03 0.0000000E+00 0.0000000E+00 0.3000000E+01 0.0000000E+00 0.0000000E+00 0.6200000E+02
0.2090000E+03 0.1722397E+03 0.1000000E+01 0.0000000E+00 0.0000000E+00 0.0000000E+00 0.6200000E+02
0.2100000E+03 0.0000000E+00 0.0000000E+00 0.3000000E+01 0.0000000E+00 0.0000000E+00 0.3600000E+02
0.2100000E+03 0.2719943E+03 0.1000000E+01 0.0000000E+00 0.0000000E+00 0.0000000E+00 0.3600000E+02
0.2110000E+03 0.0000000E+00 0.0000000E+00 0.3000000E+01 0.0000000E+00 0.0000000E+00 0.4100000E+02
0.2110000E+03 0.5398851E+01 0.1000000E+01 0.0000000E+00 0.0000000E+00 0.0000000E+00 0.4100000E+02
0.2120000E+03 0.0000000E+00 0.0000000E+00 0.3000000E+01 0.0000000E+00 0.0000000E+00 0.4400000E+02
0.2120000E+03 0.1021608E+03 0.1000000E+01 0.0000000E+00 0.0000000E+00 0.0000000E+00 0.4400000E+02
0.2130000E+03 0.0000000E+00 0.0000000E+00 0.3000000E+01 0.0000000E+00 0.0000000E+00 0.4200000E+02
0.2130000E+03 0.2231303E+02 0.1000000E+01 0.0000000E+00 0.0000000E+00 0.0000000E+00 0.4200000E+02
0.2140000E+03 0.0000000E+00 0.0000000E+00 0.3000000E+01 0.0000000E+00 0.0000000E+00 0.5000000E+02
0.2140000E+03 0.2255770E+02 0.1000000E+01 0.0000000E+00 0.0000000E+00 0.0000000E+00 0.5000000E+02
0.2150000E+03 0.0000000E+00 0.0000000E+00 0.3000000E+01 0.0000000E+00 0.0000000E+00 0.5300000E+02
0.2150000E+03 0.8030506E+02 0.1000000E+01 0.0000000E+00 0.0000000E+00 0.0000000E+00 0.5300000E+02
0.2160000E+03 0.0000000E+00 0.0000000E+00 0.3000000E+01 0.0000000E+00 0.0000000E+00 0.5600000E+02
0.2160000E+03 0.9166669E+01 0.1000000E+01 0.0000000E+00 0.0000000E+00 0.0000000E+00 0.5600000E+02
0.2170000E+03 0.0000000E+00 0.0000000E+00 0.3000000E+01 0.0000000E+00 0.0000000E+00 0.4600000E+02
0.2170000E+03 0.1388545E+03 0.1000000E+01 0.0000000E+00 0.0000000E+00 0.0000000E+00 0.4600000E+02
0.2180000E+03 0.0000000E+00 0.0000000E+00 0.3000000E+01 0.0000000E+00 0.0000000E+00 0.5300000E+02
0.2180000E+03 0.1924553E+02 0.1000000E+01 0.0000000E+00 0.0000000E+00 0.0000000E+00 0.5300000E+02
0.2190000E+03 0.0000000E+00 0.0000000E+00 0.3000000E+01 0.0000000E+00 0.0000000E+00 0.4100000E+02
0.2190000E+03 0.1106826E+03 0.1000000E+01 0.0000000E+00 0.0000000E+00 0.0000000E+00 0.4100000E+02
0.2200000E+03 0.0000000E+00 0.0000000E+00 0.3000000E+01 0.0000000E+00 0.0000000E+00 0.4900000E+02
0.2200000E+03 0.1134898E+03 0.1000000E+01 0.0000000E+00 0.0000000E+00 0.0000000E+00 0.4900000E+02
0.2210000E+03 0.0000000E+00 0.0000000E+00 0.3000000E+01 0.0000000E+00 0.0000000E+00 0.5400000E+02
0.2210000E+03 0.3427341E+02 0.1000000E+01 0.0000000E+00 0.0000000E+00 0.0000000E+00 0.5400000E+02
0.2220000E+03 0.0000000E+00 0.0000000E+00 0.3000000E+01 0.0000000E+00 0.0000000E+00 0.5300000E+02
0.2220000E+03 0.9777728E+01 0.1000000E+01 0.0000000E+00 0.0000000E+00 0.0000000E+00 0.5300000E+02
0.2230000E+03 0.0000000E+00 0.0000000E+00 0.3000000E+01 0.0000000E+00 0.0000000E+00 0.4000000E+02
0.2230000E+03 0.4321041E+02 0.1000000E+01 0.0000000E+00 0.0000000E+00 0.0000000E+00 0.4000000E+02
0.2240000E+03 0.0000000E+00 0.0000000E+00 0.3000000E+01 0.0000000E+00 0.0000000E+00 0.4700000E+02
0.2240000E+03 0.1047675E+03 0.1000000E+01 0.0000000E+00 0.0000000E+00 0.0000000E+00 0.4700000E+02
0.2250000E+03 0.0000000E+00 0.0000000E+00 0.3000000E+01 0.0000000E+00 0.0000000E+00 0.4600000E+02
0.2250000E+03 0.1387542E+03 0.1000000E+01 0.0000000E+00 0.0000000E+00 0.0000000E+00 0.4600000E+02
0.2260000E+03 0.0000000E+00 0.0000000E+00 0.3000000E+01 0.0000000E+00 0.0000000E+00 0.5700000E+02
0.2260000E+03 0.6111523E+01 0.1000000E+01 0.0000000E+00 0.0000000E+00 0.0000000E+00 0.5700000E+02
0.2270000E+03 0.0000000E+00 0.0000000E+00 0.3000000E+01 0.0000000E+00 0.0000000E+00 0.5000000E+02
0.2270000E+03 0.7408920E+02 0.1000000E+01 0.0000000E+00 0.0000000E+00 0.0000000E+00 0.5000000E+02
0.2280000E+03 0.0000000E+00 0.0000000E+00 0.3000000E+01 0.0000000E+00 0.0000000E+00 0.5200000E+02
0.2280000E+03 0.7842807E+01 0.1000000E+01 0.0000000E+00 0.0000000E+00 0.0000000E+00 0.5200000E+02
0.2290000E+03 0.0000000E+00 0.0000000E+00 0.3000000E+01 0.0000000E+00 0.0000000E+00 0.4200000E+02
0.2290000E+03 0.3125821E+02 0.1000000E+01 0.0000000E+00 0.0000000E+00 0.0000000E+00 0.4200000E+02
0.2300000E+03 0.0000000E+00 0.0000000E+00 0.3000000E+01 0.0000000E+00 0.0000000E+00 0.5300000E+02
0.2300000E+03 0.1339420E+03 0.1000000E+01 0.0000000E+00 0.0000000E+00 0.0000000E+00 0.5300000E+02
0.2310000E+03 0.0000000E+00 0.0000000E+00 0.3000000E+01 0.0000000E+00 0.0000000E+00 0.4000000E+02
0.2310000E+03 0.1272248E+03 0.1000000E+01 0.0000000E+00 0.0000000E+00 0.0000000E+00 0.4000000E+02
0.2320000E+03 0.0000000E+00 0.0000000E+00 0.3000000E+01 0.0000000E+00 0.0000000E+00 0.5100000E+02
0.2320000E+03 0.1440678E+03 0.1000000E+01 0.0000000E+00 0.0000000E+00 0.0000000E+00 0.5100000E+02
0.2330000E+03 0.0000000E+00 0.0000000E+00 0.3000000E+01 0.0000000E+00 0.0000000E+00 0.5000000E+02
0.2330000E+03 0.7129963E+01 0.1000000E+01 0.0000000E+00 0.0000000E+00 0.0000000E+00 0.5000000E+02
0.2340000E+03 0.0000000E+00 0.0000000E+00 0.3000000E+01 0.0000000E+00 0.0000000E+00 0.5800000E+02
0.2340000E+03 0.3497696E+02 0.1000000E+01 0.0000000E+00 0.0000000E+00 0.0000000E+00 0.5800000E+02
0.2350000E+03 0.0000000E+00 0.0000000E+00 0.3000000E+01 0.0000000E+00 0.0000000E+00 0.4800000E+02
0.2350000E+03 0.2788298E+01 0.1000000E+01 0.0000000E+00 0.0000000E+00 0.0000000E+00 0.4800000E+02
0.2360000E+03 0.0000000E+00 0.0000000E+00 0.3000000E+01 0.0000000E+00 0.0000000E+00 0.6000000E+02
0.2360000E+03 0.3497696E+02 0.1000000E+01 0.0000000E+00 0.0000000E+00 0.0000000E+00 0.6000000E+02
0.2370000E+03 0.0000000E+00 0.0000000E+00 0.3000000E+01 0.0000000E+00 0.0000000E+00 0.4900000E+02
0.2370000E+03 0.6476540E+02 0.1000000E+01 0.0000000E+00 0.0000000E+00 0.0000000E+00 0.4900000E+02
0.2380000E+03 0.0000000E+00 0.0000000E+00 0.3000000E+01 0.0000000E+00 0.0000000E+00 0.4000000E+02
0.2380000E+03 0.1768515E+03 0.1000000E+01 0.0000000E+00 0.0000000E+00 0.0000000E+00 0.4000000E+02
0.2390000E+03 0.0000000E+00 0.0000000E+00 0.3000000E+01 0.0000000E+00 0.0000000E+00 0.5100000E+02
0.2390000E+03 0.9544370E+02 0.1000000E+01 0.0000000E+00 0.0000000E+00 0.0000000E+00 0.5100000E+02
0.2400000E+03 0.0000000E+00 0.0000000E+00 0.3000000E+01 0.0000000E+00 0.0000000E+00 0.4100000E+02
0.2400000E+03 0.2252751E+03 0.1000000E+01 0.0000000E+00 0.0000000E+00 0.0000000E+00 0.4100000E+02
0.2410000E+03 0.0000000E+00 0.0000000E+00 0.3000000E+01 0.0000000E+00 0.0000000E+00 0.4800000E+02
0.2410000E+03 0.3336886E+02 0.1000000E+01 0.0000000E+00 0.0000000E+00 0.0000000E+00 0.4800000E+02
0.2420000E+03 0.0000000E+00 0.0000000E+00 0.3000000E+01 0.0000000E+00 0.0000000E+00 0.6100000E+02
0.2420000E+03 0.8912757E+02 0.1000000E+01 0.0000000E+00 0.0000000E+00 0.0000000E+00 0.6100000E+02
0.2430000E+03 0.0000000E+00 0.0000000E+00 0.3000000E+01 0.0000000E+00 0.0000000E+00 0.4000000E+02
0.2430000E+03 0.3891994E+01 0.1000000E+01 0.0000000E+00 0.0000000E+00 0.0000000E+00 0.4000000E+02
0.2440000E+03 0.0000000E+00 0.0000000E+00 0.3000000E+01 0.0000000E+00 0.0000000E+00 0.5500000E+02
0.2440000E+03 0.1146928E+03 0.1000000E+01 0.0000000E+00 0.0000000E+00 0.0000000E+00 0.5500000E+02
0.2450000E+03 0.0000000E+00 0.0000000E+00 0.3000000E+01 0.0000000E+00 0.0000000E+00 0.4300000E+02
0.2450000E+03 0.1157956E+03 0.1000000E+01 0.0000000E+00 0.0000000E+00 0.0000000E+00 0.4300000E+02
0.2460000E+03 0.0000000E+00 0.0000000E+00 0.3000000E+01 0.0000000E+00 0.0000000E+00 0.4300000E+02
0.2460000E+03 0.1832679E+03 0.1000000E+01 0.0000000E+00 0.0000000E+00 0.0000000E+00 0.4300000E+02
0.2470000E+03 0.0000000E+00 0.0000000E+00 0.3000000E+01 0.0000000E+00 0.0000000E+00 0.4700000E+02
0.2470000E+03 0.4491475E+02 0.1000000E+01 0.0000000E+00 0.0000000E+00 0.0000000E+00 0.4700000E+02
0.2480000E+03 0.0000000E+00 0.0000000E+00 0.3000000E+01 0.0000000E+00 0.0000000E+00 0.4700000E+02
0.2480000E+03 0.2995160E+02 0.1000000E+01 0.0000000E+00 0.0000000E+00 0.0000000E+00 0.4700000E+02
0.2490000E+03 0.0000000E+00 0.0000000E+00 0.3000000E+01 0.0000000E+00 0.0000000E+00 0.5200000E+02
0.2490000E+03 0.4651883E+02 0.1000000E+01 0.0000000E+00 0.0000000E+00 0.0000000E+00 0.5200000E+02
0.2500000E+03 0.0000000E+00 0.0000000E+00 0.3000000E+01 0.0000000E+00 0.0000000E+00 0.4300000E+02
0.2500000E+03 0.8160839E+02 0.1000000E+01 0.0000000E+00 0.0000000E+00 0.0000000E+00 0.4300000E+02
0.2510000E+03 0.0000000E+00 0.0000000E+00 0.3000000E+01 0.0000000E+00 0.0000000E+00 0.6700000E+02
0.2510000E+03 0.2716945E+02 0.1000000E+01 0.0000000E+00 0.0000000E+00 0.0000000E+00 0.6700000E+02
0.2520000E+03 0.0000000E+00 0.0000000E+00 0.3000000E+01 0.0000000E+00 0.0000000E+00 0.5700000E+02
0.2520000E+03 0.1477773E+03 0.1000000E+01 0.0000000E+00 0.0000000E+00 0.0000000E+00 0.5700000E+02
0.2530000E+03 0.0000000E+00 0.0000000E+00 0.3000000E+01 0.0000000E+00 0.0000000E+00 0.4500000E+02
0.2530000E+03 0.2073293E+03 0.1000000E+01 0.0000000E+00 0.0000000E+00 0.0000000E+00 0.4500000E+02
0.2540000E+03 0.0000000E+00 0.0000000E+00 0.3000000E+01 0.0000000E+00 0.0000000E+00 0.4600000E+02
0.2540000E+03 0.8982937E+02 0.1000000E+01 0.0000000E+00 0.0000000E+00 0.0000000E+00 0.4600000E+02
0.2550000E+03 0.0000000E+00 0.0000000E+00 0.3000000E+01 0.0000000E+00 0.0000000E+00 0.5500000E+02
0.2550000E+03 0.1809620E+03 0.1000000E+01 0.0000000E+00 0.0000000E+00 0.0000000E+00 0.5500000E+02
0.2560000E+03 0.0000000E+00 0.0000000E+00 0.3000000E+01 0.0000000E+00 0.0000000E+00 0.4200000E+02
0.2560000E+03 0.3678613E+02 0.1000000E+01 0.0000000E+00 0.0000000E+00 0.0000000E+00 0.4200000E+02
0.2570000E+03 0.0000000E+00 0.0000000E+00 0.3000000E+01 0.0000000E+00 0.0000000E+00 0.5000000E+02
0.2570000E+03 0.3498942E+02 0.1000000E+01 0.0000000E+00 0.0000000E+00 0.0000000E+00 0.5000000E+02
0.2580000E+03 0.0000000E+00 0.0000000E+00 0.3000000E+01 0.0000000E+00 0.0000000E+00 0.5100000E+02
0.2580000E+03 0.6837461E+02 0.1000000E+01 0.0000000E+00 0.0000000E+00 0.0000000E+00 0.5100000E+02
0.2590000E+03 0.0000000E+00 0.0000000E+00 0.3000000E+01 0.0000000E+00 0.0000000E+00 0.4100000E+02
0.2590000E+03 0.8657628E+01 0.1000000E+01 0.0000000E+00 0.0000000E+00 0.0000000E+00 0.4100000E+02
0.2600000E+03 0.0000000E+00 0.0000000E+00 0.3000000E+01 0.0000000E+00 0.0000000E+00 0.3700000E+02
0.2600000E+03 0.9774959E+02 0.1000000E+01 0.0000000E+00 0.0000000E+00 0.0000000E+00 0.3700000E+02
0.2610000E+03 0.0000000E+00 0.0000000E+00 0.3000000E+01 0.0000000E+00 0.0000000E+00 0.3700000E+02
0.2610000E+03 0.1393558E+03 0.1000000E+01 0.0000000E+00 0.0000000E+00 0.0000000E+00 0.3700000E+02
0.2620000E+03 0.0000000E+00 0.0000000E+00 0.3000000E+01 0.0000000E+00 0.0000000E+00 0.4700000E+02
0.2620000E+03 0.1888822E+03 0.1000000E+01 0.0000000E+00 0.0000000E+00 0.0000000E+00 0.4700000E+02
0.2630000E+03 0.0000000E+00 0.0000000E+00 0.3000000E+01 0.0000000E+00 0.0000000E+00 0.3900000E+02
0.2630000E+03 0.2201151E+02 0.1000000E+01 0.0000000E+00 0.0000000E+00 0.0000000E+00 0.3900000E+02
0.2640000E+03 0.0000000E+00 0.0000000E+00 0.3000000E+01 0.0000000E+00 0.0000000E+00 0.5000000E+02
0.2640000E+03 0.4120528E+02 0.1000000E+01 0.0000000E+00 0.0000000E+00 0.0000000E+00 0.5000000E+02
0.2650000E+03 0.0000000E+00 0.0000000E+00 0.3000000E+01 0.0000000E+00 0.0000000E+00 0.5300000E+02
0.2650000E+03 0.8722271E+02 0.1000000E+01 0.0000000E+00 0.0000000E+00 0.0000000E+00 0.5300000E+02
0.2660000E+03 0.0000000E+00 0.0000000E+00 0.3000000E+01 0.0000000E+00 0.0000000E+00 0.4800000E+02
0.2660000E+03 0.2616680E+03 0.1000000E+01 0.0000000E+00 0.0000000E+00 0.0000000E+00 0.4800000E+02
0.2670000E+03 0.0000000E+00 0.0000000E+00 0.3000000E+01 0.0000000E+00 0.0000000E+00 0.4300000E+02
0.2670000E+03 0.9514293E+02 0.1000000E+01 0.0000000E+00 0.0000000E+00 0.0000000E+00 0.4300000E+02
0.2680000E+03 0.0000000E+00 0.0000000E+00 0.3000000E+01 0.0000000E+00 0.0000000E+00 0.4600000E+02
0.2680000E+03 0.1470755E+03 0.1000000E+01 0.0000000E+00 0.0000000E+00 0.0000000E+00 0.4600000E+02
0.2690000E+03 0.0000000E+00 0.0000000E+00 0.3000000E+01 0.0000000E+00 0.0000000E+00 0.5200000E+02
0.2690000E+03 0.4802267E+02 0.1000000E+01 0.0000000E+00 0.0000000E+00 0.0000000E+00 0.5200000E+02
0.2700000E+03 0.0000000E+00 0.0000000E+00 0.3000000E+01 0.0000000E+00 0.0000000E+00 0.4900000E+02
0.2700000E+03 0.9203500E+02 0.1000000E+01 0.0000000E+00 0.0000000E+00 0.0000000E+00 0.4900000E+02
0.2710000E+03 0.0000000E+00 0.0000000E+00 0.3000000E+01 0.0000000E+00 0.0000000E+00 0.5100000E+02
0.2710000E+03 0.7920224E+02 0.1000000E+01 0.0000000E+00 0.0000000E+00 0.0000000E+00 0.5100000E+02
0.2720000E+03 0.0000000E+00 0.0000000E+00 0.3000000E+01 0.0000000E+00 0.0000000E+00 0.4800000E+02
0.2720000E+03 0.8657551E+01 0.1000000E+01 0.0000000E+00 0.0000000E+00 0.0000000E+00 0.4800000E+02
0.2730000E+03 0.0000000E+00 0.0000000E+00 0.3000000E+01 0.0000000E+00 0.0000000E+00 0.6900000E+02
0.2730000E+03 0.5253417E+02 0.1000000E+01 0.0000000E+00 0.0000000E+00 0.0000000E+00 0.6900000E+02
0.2740000E+03 0.0000000E+00 0.0000000E+00 0.3000000E+01 0.0000000E+00 0.0000000E+00 0.5400000E+02
0.2740000E+03 0.4491474E+02 0.1000000E+01 0.0000000E+00 0.0000000E+00 0.0000000E+00 0.5400000E+02
0.2750000E+03 0.0000000E+00 0.0000000E+00 0.3000000E+01 0.0000000E+00 0.0000000E+00 0.4800000E+02
0.2750000E+03 0.6616898E+02 0.1000000E+01 0.0000000E+00 0.0000000E+00 0.0000000E+00 0.4800000E+02
0.2760000E+03 0.0000000E+00 0.0000000E+00 0.3000000E+01 0.0000000E+00 0.0000000E+00 0.5500000E+02
0.2760000E+03 0.1450704E+03 0.1000000E+01 0.0000000E+00 0.0000000E+00 0.0000000E+00 0.5500000E+02
0.2770000E+03 0.0000000E+00 0.0000000E+00 0.3000000E+01 0.0000000E+00 0.0000000E+00 0.5000000E+02
0.2770000E+03 0.6366259E+02 0.1000000E+01 0.0000000E+00 0.0000000E+00 0.0000000E+00 0.5000000E+02
0.2780000E+03 0.0000000E+00 0.0000000E+00 0.3000000E+01 0.0000000E+00 0.0000000E+00 0.6300000E+02
0.2780000E+03 0.8521759E+02 0.1000000E+01 0.0000000E+00 0.0000000E+00 0.0000000E+00 0.6300000E+02
0.2790000E+03 0.0000000E+00 0.0000000E+00 0.3000000E+01 0.0000000E+00 0.0000000E+00 0.4100000E+02
0.2790000E+03 0.1902858E+03 0.1000000E+01 0.0000000E+00 0.0000000E+00 0.0000000E+00 0.4100000E+02
0.2800000E+03 0.0000000E+00 0.0000000E+00 0.3000000E+01 0.0000000E+00 0.0000000E+00 0.5700000E+02
0.2800000E+03 0.2344986E+03 0.1000000E+01 0.0000000E+00 0.0000000E+00 0.0000000E+00 0.5700000E+02
0.2810000E+03 0.0000000E+00 0.0000000E+00 0.3000000E+01 0.0000000E+00 0.0000000E+00 0.5200000E+02
0.2810000E+03 0.7990403E+02 0.1000000E+01 0.0000000E+00 0.0000000E+00 0.0000000E+00 0.5200000E+02
0.2820000E+03 0.0000000E+00 0.0000000E+00 0.3000000E+01 0.0000000E+00 0.0000000E+00 0.4400000E+02
0.2820000E+03 0.9093219E+02 0.1000000E+01 0.0000000E+00 0.0000000E+00 0.0000000E+00 0.4400000E+02
0.2830000E+03 0.0000000E+00 0.0000000E+00 0.3000000E+01 0.0000000E+00 0.0000000E+00 0.5500000E+02
0.2830000E+03 0.3628357E+02 0.1000000E+01 0.0000000E+00 0.0000000E+00 0.0000000E+00 0.5500000E+02
0.2840000E+03 0.0000000E+00 0.0000000E+00 0.3000000E+01 0.0000000E+00 0.0000000E+00 0.5600000E+02
0.2840000E+03 0.2787125E+02 0.1000000E+01 0.0000000E+00 0.0000000E+00 0.0000000E+00 0.5600000E+02
0.2850000E+03 0.0000000E+00 0.0000000E+00 0.3000000E+01 0.0000000E+00 0.0000000E+00 0.5600000E+02
0.2850000E+03 0.2787125E+02 0.1000000E+01 0.0000000E+00 0.0000000E+00 0.0000000E+00 0.5600000E+02
0.2860000E+03 0.0000000E+00 0.0000000E+00 0.3000000E+01 0.0000000E+00 0.0000000E+00 0.6200000E+02
0.2860000E+03 0.2760045E+03 0.1000000E+01 0.0000000E+00 0.0000000E+00 0.0000000E+00 0.6200000E+02
0.2870000E+03 0.0000000E+00 0.0000000E+00 0.3000000E+01 0.0000000E+00 0.0000000E+00 0.5100000E+02
0.2870000E+03 0.1341425E+03 0.1000000E+01 0.0000000E+00 0.0000000E+00 0.0000000E+00 0.5100000E+02
0.2880000E+03 0.0000000E+00 0.0000000E+00 0.3000000E+01 0.0000000E+00 0.0000000E+00 0.4000000E+02
0.2880000E+03 0.3277859E+01 0.1000000E+01 0.0000000E+00 0.0000000E+00 0.0000000E+00 0.4000000E+02
0.2890000E+03 0.0000000E+00 0.0000000E+00 0.3000000E+01 0.0000000E+00 0.0000000E+00 0.5200000E+02
0.2890000E+03 0.1375512E+03 0.1000000E+01 0.0000000E+00 0.0000000E+00 0.0000000E+00 0.5200000E+02
0.2900000E+03 0.0000000E+00 0.0000000E+00 0.3000000E+01 0.0000000E+00 0.0000000E+00 0.4600000E+02
0.2900000E+03 0.1050683E+03 0.1000000E+01 0.0000000E+00 0.0000000E+00 0.0000000E+00 0.4600000E+02
0.2910000E+03 0.0000000E+00 0.0000000E+00 0.3000000E+01 0.0000000E+00 0.0000000E+00 0.4000000E+02
0.2910000E+03 0.7759068E+01 0.1000000E+01 0.0000000E+00 0.0000000E+00 0.0000000E+00 0.4000000E+02
0.2920000E+03 0.0000000E+00 0.0000000E+00 0.3000000E+01 0.0000000E+00 0.0000000E+00 0.5600000E+02
0.2920000E+03 0.3075564E+02 0.1000000E+01 0.0000000E+00 0.0000000E+00 0.0000000E+00 0.5600000E+02
0.2930000E+03 0.0000000E+00 0.0000000E+00 0.3000000E+01 0.0000000E+00 0.0000000E+00 0.5100000E+02
0.2930000E+03 0.3588154E+02 0.1000000E+01 0.0000000E+00 0.0000000E+00 0.0000000E+00 0.5100000E+02
0.2940000E+03 0.0000000E+00 0.0000000E+00 0.3000000E+01 0.0000000E+00 0.0000000E+00 0.5700000E+02
0.2940000E+03 0.1739440E+03 0.1000000E+01 0.0000000E+00 0.0000000E+00 0.0000000E+00 0.5700000E+02
0.2950000E+03 0.0000000E+00 0.0000000E+00 0.3000000E+01 0.0000000E+00 0.0000000E+00 0.5600000E+02
0.2950000E+03 0.2452416E+02 0.1000000E+01 0.0000000E+00 0.0000000E+00 0.0000000E+00 0.5600000E+02
0.2960000E+03 0.0000000E+00 0.0000000E+00 0.3000000E+01 0.0000000E+00 0.0000000E+00 0.4200000E+02
0.2960000E+03 0.1246182E+03 0.1000000E+01 0.0000000E+00 0.0000000E+00 0.0000000E+00 0.4200000E+02
0.2970000E+03 0.0000000E+00 0.0000000E+00 0.3000000E+01 0.0000000E+00 0.0000000E+00 0.5400000E+02
0.2970000E+03 0.5383751E+02 0.1000000E+01 0.0000000E+00 0.0000000E+00 0.0000000E+00 0.5400000E+02
0.2980000E+03 0.0000000E+00 0.0000000E+00 0.3000000E+01 0.0000000E+00 0.0000000E+00 0.5700000E+02
0.2980000E+03 0.3569120E+02 0.1000000E+01 0.0000000E+00 0.0000000E+00 0.0000000E+00 0.5700000E+02
0.2990000E+03 0.0000000E+00 0.0000000E+00 0.3000000E+01 0.0000000E+00 0.0000000E+00 0.4200000E+02
0.2990000E+03 0.4915544E+01 0.1000000E+01 0.0000000E+00 0.0000000E+00 0.0000000E+00 0.4200000E+02
0.3000000E+03 0.0000000E+00 0.0000000E+00 0.3000000E+01 0.0000000E+00 0.0000000E+00 0.4900000E+02
0.3000000E+03 0.1060708E+03 0.1000000E+01 0.0000000E+00 0.0000000E+00 0.0000000E+00 0.4900000E+02
