TABLE NO.  1
 ID          TIME        SURX        CHZ         EVID        AGE         EXPO        DOSE        DV          PRED        RES         WRES
  1.0000E+00  0.0000E+00  1.0000E+00  0.0000E+00  3.0000E+00  5.2000E+01  1.1735E+02  1.0000E+00  0.0000E+00  1.0000E+00  0.0000E+00  0.0000E+00
  1.0000E+00  2.5275E+02  3.1995E-01  1.1396E+00  0.0000E+00  5.2000E+01  1.1735E+02  1.0000E+00  1.0000E+00  1.9026E-03  0.0000E+00  0.0000E+00
  2.0000E+00  0.0000E+00  1.0000E+00  0.0000E+00  3.0000E+00  6.2000E+01  1.6636E+02  1.0000E+00  0.0000E+00  1.0000E+00  0.0000E+00  0.0000E+00
  2.0000E+00  1.7414E+02  6.2084E-01  4.7668E-01  0.0000E+00  6.2000E+01  1.6636E+02  1.0000E+00  1.0000E+00  2.2413E-03  0.0000E+00  0.0000E+00
  3.0000E+00  0.0000E+00  1.0000E+00  0.0000E+00  3.0000E+00  5.3000E+01  1.6798E+02  1.0000E+00  0.0000E+00  1.0000E+00  0.0000E+00  0.0000E+00
  3.0000E+00  2.0192E+02  6.0377E-01  5.0456E-01  0.0000E+00  5.3000E+01  1.6798E+02  1.0000E+00  1.0000E+00  1.9898E-03  0.0000E+00  0.0000E+00
  4.0000E+00  0.0000E+00  1.0000E+00  0.0000E+00  3.0000E+00  5.4000E+01  1.8142E+02  1.0000E+00  0.0000E+00  1.0000E+00  0.0000E+00  0.0000E+00
  4.0000E+00  5.6445E+01  9.2065E-01  8.2674E-02  0.0000E+00  5.4000E+01  1.8142E+02  1.0000E+00  1.0000E+00  1.7785E-03  0.0000E+00  0.0000E+00
  5.0000E+00  0.0000E+00  1.0000E+00  0.0000E+00  3.0000E+00  5.1000E+01  3.5064E+02  1.0000E+00  0.0000E+00  1.0000E+00  0.0000E+00  0.0000E+00
  5.0000E+00  9.6449E+01  9.7318E-01  2.7187E-02  0.0000E+00  5.1000E+01  3.5064E+02  1.0000E+00  1.0000E+00  3.6179E-04  0.0000E+00  0.0000E+00
  6.0000E+00  0.0000E+00  1.0000E+00  0.0000E+00  3.0000E+00  3.8000E+01  4.1369E+02  1.0000E+00  0.0000E+00  1.0000E+00  0.0000E+00  0.0000E+00
  6.0000E+00  1.0000E+03  7.7329E-01  2.5711E-01  0.0000E+00  3.8000E+01  4.1369E+02  1.0000E+00  0.0000E+00  7.7329E-01  0.0000E+00  0.0000E+00
  7.0000E+00  0.0000E+00  1.0000E+00  0.0000E+00  3.0000E+00  5.1000E+01  3.2552E+02  1.0000E+00  0.0000E+00  1.0000E+00  0.0000E+00  0.0000E+00
  7.0000E+00  4.3200E+02  7.7432E-01  2.5577E-01  0.0000E+00  5.1000E+01  3.2552E+02  1.0000E+00  1.0000E+00  6.0462E-04  0.0000E+00  0.0000E+00
  8.0000E+00  0.0000E+00  1.0000E+00  0.0000E+00  3.0000E+00  5.4000E+01  2.9941E+02  1.0000E+00  0.0000E+00  1.0000E+00  0.0000E+00  0.0000E+00
  8.0000E+00  4.6609E+02  6.7887E-01  3.8732E-01  0.0000E+00  5.4000E+01  2.9941E+02  1.0000E+00  1.0000E+00  7.4403E-04  0.0000E+00  0.0000E+00
  9.0000E+00  0.0000E+00  1.0000E+00  0.0000E+00  3.0000E+00  4.1000E+01  2.0860E+02  1.0000E+00  0.0000E+00  1.0000E+00  0.0000E+00  0.0000E+00
  9.0000E+00  7.9504E+01  9.2134E-01  8.1931E-02  0.0000E+00  4.1000E+01  2.0860E+02  1.0000E+00  1.0000E+00  1.2522E-03  0.0000E+00  0.0000E+00
  1.0000E+01  0.0000E+00  1.0000E+00  0.0000E+00  3.0000E+00  5.4000E+01  1.1381E+02  1.0000E+00  0.0000E+00  1.0000E+00  0.0000E+00  0.0000E+00
  1.0000E+01  3.5080E+02  1.5377E-01  1.8723E+00  0.0000E+00  5.4000E+01  1.1381E+02  1.0000E+00  1.0000E+00  1.0824E-03  0.0000E+00  0.0000E+00
  1.1000E+01  0.0000E+00  1.0000E+00  0.0000E+00  3.0000E+00  5.2000E+01  3.8539E+02  1.0000E+00  0.0000E+00  1.0000E+00  0.0000E+00  0.0000E+00
  1.1000E+01  9.3579E+02  6.8182E-01  3.8299E-01  0.0000E+00  5.2000E+01  3.8539E+02  1.0000E+00  1.0000E+00  3.6803E-04  0.0000E+00  0.0000E+00
  1.2000E+01  0.0000E+00  1.0000E+00  0.0000E+00  3.0000E+00  5.0000E+01  4.4452E+02  1.0000E+00  0.0000E+00  1.0000E+00  0.0000E+00  0.0000E+00
  1.2000E+01  1.0000E+03  8.0365E-01  2.1859E-01  0.0000E+00  5.0000E+01  4.4452E+02  1.0000E+00  0.0000E+00  8.0365E-01  0.0000E+00  0.0000E+00
  1.3000E+01  0.0000E+00  1.0000E+00  0.0000E+00  3.0000E+00  5.2000E+01  3.7407E+02  1.0000E+00  0.0000E+00  1.0000E+00  0.0000E+00  0.0000E+00
  1.3000E+01  1.0000E+03  6.2448E-01  4.7083E-01  0.0000E+00  5.2000E+01  3.7407E+02  1.0000E+00  0.0000E+00  6.2448E-01  0.0000E+00  0.0000E+00
  1.4000E+01  0.0000E+00  1.0000E+00  0.0000E+00  3.0000E+00  5.0000E+01  2.8926E+02  1.0000E+00  0.0000E+00  1.0000E+00  0.0000E+00  0.0000E+00
  1.4000E+01  1.0000E+03  3.2711E-01  1.1175E+00  0.0000E+00  5.0000E+01  2.8926E+02  1.0000E+00  0.0000E+00  3.2711E-01  0.0000E+00  0.0000E+00
  1.5000E+01  0.0000E+00  1.0000E+00  0.0000E+00  3.0000E+00  4.1000E+01  1.5541E+02  1.0000E+00  0.0000E+00  1.0000E+00  0.0000E+00  0.0000E+00
  1.5000E+01  3.8879E+02  3.1275E-01  1.1624E+00  0.0000E+00  4.1000E+01  1.5541E+02  1.0000E+00  1.0000E+00  1.2332E-03  0.0000E+00  0.0000E+00
  1.6000E+01  0.0000E+00  1.0000E+00  0.0000E+00  3.0000E+00  4.6000E+01  1.6991E+02  1.0000E+00  0.0000E+00  1.0000E+00  0.0000E+00  0.0000E+00
  1.6000E+01  3.6353E+02  3.7640E-01  9.7710E-01  0.0000E+00  4.6000E+01  1.6991E+02  1.0000E+00  1.0000E+00  1.3343E-03  0.0000E+00  0.0000E+00
  1.7000E+01  0.0000E+00  1.0000E+00  0.0000E+00  3.0000E+00  5.0000E+01  8.0020E+01  1.0000E+00  0.0000E+00  1.0000E+00  0.0000E+00  0.0000E+00
  1.7000E+01  2.4152E+02  2.1297E-01  1.5466E+00  0.0000E+00  5.0000E+01  8.0020E+01  1.0000E+00  1.0000E+00  1.7987E-03  0.0000E+00  0.0000E+00
  1.8000E+01  0.0000E+00  1.0000E+00  0.0000E+00  3.0000E+00  4.7000E+01  2.4510E+02  1.0000E+00  0.0000E+00  1.0000E+00  0.0000E+00  0.0000E+00
  1.8000E+01  2.3290E+02  7.7896E-01  2.4980E-01  0.0000E+00  4.7000E+01  2.4510E+02  1.0000E+00  1.0000E+00  1.1019E-03  0.0000E+00  0.0000E+00
  1.9000E+01  0.0000E+00  1.0000E+00  0.0000E+00  3.0000E+00  4.3000E+01  4.9278E+02  1.0000E+00  0.0000E+00  1.0000E+00  0.0000E+00  0.0000E+00
  1.9000E+01  1.0000E+03  8.8711E-01  1.1979E-01  0.0000E+00  4.3000E+01  4.9278E+02  1.0000E+00  0.0000E+00  8.8711E-01  0.0000E+00  0.0000E+00
  2.0000E+01  0.0000E+00  1.0000E+00  0.0000E+00  3.0000E+00  5.0000E+01  2.3327E+02  1.0000E+00  0.0000E+00  1.0000E+00  0.0000E+00  0.0000E+00
  2.0000E+01  7.6896E+02  2.4092E-01  1.4233E+00  0.0000E+00  5.0000E+01  2.3327E+02  1.0000E+00  1.0000E+00  5.8812E-04  0.0000E+00  0.0000E+00
  2.1000E+01  0.0000E+00  1.0000E+00  0.0000E+00  3.0000E+00  5.3000E+01  3.8873E+02  1.0000E+00  0.0000E+00  1.0000E+00  0.0000E+00  0.0000E+00
  2.1000E+01  1.0000E+03  6.6426E-01  4.0908E-01  0.0000E+00  5.3000E+01  3.8873E+02  1.0000E+00  0.0000E+00  6.6426E-01  0.0000E+00  0.0000E+00
  2.2000E+01  0.0000E+00  1.0000E+00  0.0000E+00  3.0000E+00  5.3000E+01  4.8486E+02  1.0000E+00  0.0000E+00  1.0000E+00  0.0000E+00  0.0000E+00
  2.2000E+01  1.0000E+03  8.6160E-01  1.4896E-01  0.0000E+00  5.3000E+01  4.8486E+02  1.0000E+00  0.0000E+00  8.6160E-01  0.0000E+00  0.0000E+00
  2.3000E+01  0.0000E+00  1.0000E+00  0.0000E+00  3.0000E+00  6.1000E+01  2.6404E+02  1.0000E+00  0.0000E+00  1.0000E+00  0.0000E+00  0.0000E+00
  2.3000E+01  1.0000E+03  1.8465E-01  1.6893E+00  0.0000E+00  6.1000E+01  2.6404E+02  1.0000E+00  0.0000E+00  1.8465E-01  0.0000E+00  0.0000E+00
  2.4000E+01  0.0000E+00  1.0000E+00  0.0000E+00  3.0000E+00  4.9000E+01  3.0160E+02  1.0000E+00  0.0000E+00  1.0000E+00  0.0000E+00  0.0000E+00
  2.4000E+01  2.7242E+01  9.9167E-01  8.3627E-03  0.0000E+00  4.9000E+01  3.0160E+02  1.0000E+00  1.0000E+00  4.0149E-04  0.0000E+00  0.0000E+00
  2.5000E+01  0.0000E+00  1.0000E+00  0.0000E+00  3.0000E+00  4.5000E+01  3.9285E+02  1.0000E+00  0.0000E+00  1.0000E+00  0.0000E+00  0.0000E+00
  2.5000E+01  1.0000E+03  7.0348E-01  3.5171E-01  0.0000E+00  4.5000E+01  3.9285E+02  1.0000E+00  0.0000E+00  7.0348E-01  0.0000E+00  0.0000E+00
  2.6000E+01  0.0000E+00  1.0000E+00  0.0000E+00  3.0000E+00  4.7000E+01  6.9490E+01  1.0000E+00  0.0000E+00  1.0000E+00  0.0000E+00  0.0000E+00
  2.6000E+01  1.0687E+02  5.6773E-01  5.6611E-01  0.0000E+00  4.7000E+01  6.9490E+01  1.0000E+00  1.0000E+00  3.9662E-03  0.0000E+00  0.0000E+00
  2.7000E+01  0.0000E+00  1.0000E+00  0.0000E+00  3.0000E+00  4.9000E+01  3.2499E+02  1.0000E+00  0.0000E+00  1.0000E+00  0.0000E+00  0.0000E+00
  2.7000E+01  7.2625E+02  6.0853E-01  4.9671E-01  0.0000E+00  4.9000E+01  3.2499E+02  1.0000E+00  1.0000E+00  5.4890E-04  0.0000E+00  0.0000E+00
  2.8000E+01  0.0000E+00  1.0000E+00  0.0000E+00  3.0000E+00  4.3000E+01  3.2425E+02  1.0000E+00  0.0000E+00  1.0000E+00  0.0000E+00  0.0000E+00
  2.8000E+01  1.0000E+03  4.9460E-01  7.0400E-01  0.0000E+00  4.3000E+01  3.2425E+02  1.0000E+00  0.0000E+00  4.9460E-01  0.0000E+00  0.0000E+00
  2.9000E+01  0.0000E+00  1.0000E+00  0.0000E+00  3.0000E+00  4.6000E+01  2.5350E+02  1.0000E+00  0.0000E+00  1.0000E+00  0.0000E+00  0.0000E+00
  2.9000E+01  1.9169E+02  8.3985E-01  1.7453E-01  0.0000E+00  4.6000E+01  2.5350E+02  1.0000E+00  1.0000E+00  1.0085E-03  0.0000E+00  0.0000E+00
  3.0000E+01  0.0000E+00  1.0000E+00  0.0000E+00  3.0000E+00  6.1000E+01  4.5326E+02  1.0000E+00  0.0000E+00  1.0000E+00  0.0000E+00  0.0000E+00
  3.0000E+01  1.0000E+03  7.9353E-01  2.3126E-01  0.0000E+00  6.1000E+01  4.5326E+02  1.0000E+00  0.0000E+00  7.9353E-01  0.0000E+00  0.0000E+00
  3.1000E+01  0.0000E+00  1.0000E+00  0.0000E+00  3.0000E+00  5.9000E+01  3.0702E+02  1.0000E+00  0.0000E+00  1.0000E+00  0.0000E+00  0.0000E+00
  3.1000E+01  2.8252E+02  8.2067E-01  1.9763E-01  0.0000E+00  5.9000E+01  3.0702E+02  1.0000E+00  1.0000E+00  7.5713E-04  0.0000E+00  0.0000E+00
  3.2000E+01  0.0000E+00  1.0000E+00  0.0000E+00  3.0000E+00  5.8000E+01  4.1421E+02  1.0000E+00  0.0000E+00  1.0000E+00  0.0000E+00  0.0000E+00
  3.2000E+01  1.0000E+03  7.1549E-01  3.3479E-01  0.0000E+00  5.8000E+01  4.1421E+02  1.0000E+00  0.0000E+00  7.1549E-01  0.0000E+00  0.0000E+00
  3.3000E+01  0.0000E+00  1.0000E+00  0.0000E+00  3.0000E+00  5.0000E+01  4.6340E+01  1.0000E+00  0.0000E+00  1.0000E+00  0.0000E+00  0.0000E+00
  3.3000E+01  1.3865E+02  3.4652E-01  1.0598E+00  0.0000E+00  5.0000E+01  4.6340E+01  1.0000E+00  1.0000E+00  3.4932E-03  0.0000E+00  0.0000E+00
  3.4000E+01  0.0000E+00  1.0000E+00  0.0000E+00  3.0000E+00  5.1000E+01  7.0370E+01  1.0000E+00  0.0000E+00  1.0000E+00  0.0000E+00  0.0000E+00
  3.4000E+01  1.0988E+02  5.4116E-01  6.1403E-01  0.0000E+00  5.1000E+01  7.0370E+01  1.0000E+00  1.0000E+00  3.9884E-03  0.0000E+00  0.0000E+00
  3.5000E+01  0.0000E+00  1.0000E+00  0.0000E+00  3.0000E+00  4.5000E+01  3.8545E+02  1.0000E+00  0.0000E+00  1.0000E+00  0.0000E+00  0.0000E+00
  3.5000E+01  1.0000E+03  6.8376E-01  3.8016E-01  0.0000E+00  4.5000E+01  3.8545E+02  1.0000E+00  0.0000E+00  6.8376E-01  0.0000E+00  0.0000E+00
  3.6000E+01  0.0000E+00  1.0000E+00  0.0000E+00  3.0000E+00  6.7000E+01  4.9810E+01  1.0000E+00  0.0000E+00  1.0000E+00  0.0000E+00  0.0000E+00
  3.6000E+01  1.9821E+02  1.2765E-01  2.0585E+00  0.0000E+00  6.7000E+01  4.9810E+01  1.0000E+00  1.0000E+00  1.7484E-03  0.0000E+00  0.0000E+00
  3.7000E+01  0.0000E+00  1.0000E+00  0.0000E+00  3.0000E+00  5.6000E+01  6.7370E+01  1.0000E+00  0.0000E+00  1.0000E+00  0.0000E+00  0.0000E+00
  3.7000E+01  8.3313E+01  6.2466E-01  4.7055E-01  0.0000E+00  5.6000E+01  6.7370E+01  1.0000E+00  1.0000E+00  4.6530E-03  0.0000E+00  0.0000E+00
  3.8000E+01  0.0000E+00  1.0000E+00  0.0000E+00  3.0000E+00  4.0000E+01  1.2047E+02  1.0000E+00  0.0000E+00  1.0000E+00  0.0000E+00  0.0000E+00
  3.8000E+01  8.7624E+01  7.9293E-01  2.3202E-01  0.0000E+00  4.0000E+01  1.2047E+02  1.0000E+00  1.0000E+00  2.7691E-03  0.0000E+00  0.0000E+00
  3.9000E+01  0.0000E+00  1.0000E+00  0.0000E+00  3.0000E+00  6.0000E+01  4.6797E+02  1.0000E+00  0.0000E+00  1.0000E+00  0.0000E+00  0.0000E+00
  3.9000E+01  1.0000E+03  8.2243E-01  1.9549E-01  0.0000E+00  6.0000E+01  4.6797E+02  1.0000E+00  0.0000E+00  8.2243E-01  0.0000E+00  0.0000E+00
  4.0000E+01  0.0000E+00  1.0000E+00  0.0000E+00  3.0000E+00  6.3000E+01  8.8940E+01  1.0000E+00  0.0000E+00  1.0000E+00  0.0000E+00  0.0000E+00
  4.0000E+01  1.2352E+02  5.0013E-01  6.9288E-01  0.0000E+00  6.3000E+01  8.8940E+01  1.0000E+00  1.0000E+00  3.7002E-03  0.0000E+00  0.0000E+00
  4.1000E+01  0.0000E+00  1.0000E+00  0.0000E+00  3.0000E+00  5.3000E+01  3.1289E+02  1.0000E+00  0.0000E+00  1.0000E+00  0.0000E+00  0.0000E+00
  4.1000E+01  1.0000E+03  4.0345E-01  9.0769E-01  0.0000E+00  5.3000E+01  3.1289E+02  1.0000E+00  0.0000E+00  4.0345E-01  0.0000E+00  0.0000E+00
  4.2000E+01  0.0000E+00  1.0000E+00  0.0000E+00  3.0000E+00  4.6000E+01  2.7970E+02  1.0000E+00  0.0000E+00  1.0000E+00  0.0000E+00  0.0000E+00
  4.2000E+01  7.7638E+02  4.3238E-01  8.3845E-01  0.0000E+00  4.6000E+01  2.7970E+02  1.0000E+00  1.0000E+00  6.1584E-04  0.0000E+00  0.0000E+00
  4.3000E+01  0.0000E+00  1.0000E+00  0.0000E+00  3.0000E+00  5.1000E+01  2.8573E+02  1.0000E+00  0.0000E+00  1.0000E+00  0.0000E+00  0.0000E+00
  4.3000E+01  6.0083E+02  5.4862E-01  6.0034E-01  0.0000E+00  5.1000E+01  2.8573E+02  1.0000E+00  1.0000E+00  7.2297E-04  0.0000E+00  0.0000E+00
  4.4000E+01  0.0000E+00  1.0000E+00  0.0000E+00  3.0000E+00  4.2000E+01  1.2904E+02  1.0000E+00  0.0000E+00  1.0000E+00  0.0000E+00  0.0000E+00
  4.4000E+01  1.3595E+02  6.7790E-01  3.8876E-01  0.0000E+00  4.2000E+01  1.2904E+02  1.0000E+00  1.0000E+00  2.5567E-03  0.0000E+00  0.0000E+00
  4.5000E+01  0.0000E+00  1.0000E+00  0.0000E+00  3.0000E+00  6.5000E+01  2.7230E+02  1.0000E+00  0.0000E+00  1.0000E+00  0.0000E+00  0.0000E+00
  4.5000E+01  6.1928E+02  4.1944E-01  8.6884E-01  0.0000E+00  6.5000E+01  2.7230E+02  1.0000E+00  1.0000E+00  7.7611E-04  0.0000E+00  0.0000E+00
  4.6000E+01  0.0000E+00  1.0000E+00  0.0000E+00  3.0000E+00  4.9000E+01  4.2231E+02  1.0000E+00  0.0000E+00  1.0000E+00  0.0000E+00  0.0000E+00
  4.6000E+01  6.3994E+02  8.5970E-01  1.5117E-01  0.0000E+00  4.9000E+01  4.2231E+02  1.0000E+00  1.0000E+00  2.6784E-04  0.0000E+00  0.0000E+00
  4.7000E+01  0.0000E+00  1.0000E+00  0.0000E+00  3.0000E+00  4.5000E+01  4.4638E+02  1.0000E+00  0.0000E+00  1.0000E+00  0.0000E+00  0.0000E+00
  4.7000E+01  1.0000E+03  8.1841E-01  2.0039E-01  0.0000E+00  4.5000E+01  4.4638E+02  1.0000E+00  0.0000E+00  8.1841E-01  0.0000E+00  0.0000E+00
  4.8000E+01  0.0000E+00  1.0000E+00  0.0000E+00  3.0000E+00  3.8000E+01  3.5263E+02  1.0000E+00  0.0000E+00  1.0000E+00  0.0000E+00  0.0000E+00
  4.8000E+01  4.4093E+02  8.4716E-01  1.6586E-01  0.0000E+00  3.8000E+01  3.5263E+02  1.0000E+00  1.0000E+00  4.2030E-04  0.0000E+00  0.0000E+00
  4.9000E+01  0.0000E+00  1.0000E+00  0.0000E+00  3.0000E+00  5.8000E+01  1.4936E+02  1.0000E+00  0.0000E+00  1.0000E+00  0.0000E+00  0.0000E+00
  4.9000E+01  2.5816E+02  4.0349E-01  9.0762E-01  0.0000E+00  5.8000E+01  1.4936E+02  1.0000E+00  1.0000E+00  1.8709E-03  0.0000E+00  0.0000E+00
  5.0000E+01  0.0000E+00  1.0000E+00  0.0000E+00  3.0000E+00  4.6000E+01  1.7390E+01  1.0000E+00  0.0000E+00  1.0000E+00  0.0000E+00  0.0000E+00
  5.0000E+01  2.6267E+01  8.5923E-01  1.5172E-01  0.0000E+00  4.6000E+01  1.7390E+01  1.0000E+00  1.0000E+00  6.5455E-03  0.0000E+00  0.0000E+00
  5.1000E+01  0.0000E+00  1.0000E+00  0.0000E+00  3.0000E+00  5.6000E+01  3.1243E+02  1.0000E+00  0.0000E+00  1.0000E+00  0.0000E+00  0.0000E+00
  5.1000E+01  1.3294E+02  9.3581E-01  6.6346E-02  0.0000E+00  5.6000E+01  3.1243E+02  1.0000E+00  1.0000E+00  6.1595E-04  0.0000E+00  0.0000E+00
  5.2000E+01  0.0000E+00  1.0000E+00  0.0000E+00  3.0000E+00  5.5000E+01  4.2398E+02  1.0000E+00  0.0000E+00  1.0000E+00  0.0000E+00  0.0000E+00
  5.2000E+01  8.5960E+02  7.8846E-01  2.3767E-01  0.0000E+00  5.5000E+01  4.2398E+02  1.0000E+00  1.0000E+00  2.8752E-04  0.0000E+00  0.0000E+00
  5.3000E+01  0.0000E+00  1.0000E+00  0.0000E+00  3.0000E+00  5.8000E+01  2.4653E+02  1.0000E+00  0.0000E+00  1.0000E+00  0.0000E+00  0.0000E+00
  5.3000E+01  2.2618E+02  7.5989E-01  2.7458E-01  0.0000E+00  5.8000E+01  2.4653E+02  1.0000E+00  1.0000E+00  1.2167E-03  0.0000E+00  0.0000E+00
  5.4000E+01  0.0000E+00  1.0000E+00  0.0000E+00  3.0000E+00  5.5000E+01  8.7210E+01  1.0000E+00  0.0000E+00  1.0000E+00  0.0000E+00  0.0000E+00
  5.4000E+01  2.3711E+02  2.2376E-01  1.4972E+00  0.0000E+00  5.5000E+01  8.7210E+01  1.0000E+00  1.0000E+00  1.8635E-03  0.0000E+00  0.0000E+00
  5.5000E+01  0.0000E+00  1.0000E+00  0.0000E+00  3.0000E+00  6.8000E+01  3.5317E+02  1.0000E+00  0.0000E+00  1.0000E+00  0.0000E+00  0.0000E+00
  5.5000E+01  5.6635E+02  7.0911E-01  3.4374E-01  0.0000E+00  6.8000E+01  3.5317E+02  1.0000E+00  1.0000E+00  5.6763E-04  0.0000E+00  0.0000E+00
  5.6000E+01  0.0000E+00  1.0000E+00  0.0000E+00  3.0000E+00  4.7000E+01  2.6480E+02  1.0000E+00  0.0000E+00  1.0000E+00  0.0000E+00  0.0000E+00
  5.6000E+01  4.0714E+02  6.5427E-01  4.2424E-01  0.0000E+00  4.7000E+01  2.6480E+02  1.0000E+00  1.0000E+00  8.9913E-04  0.0000E+00  0.0000E+00
  5.7000E+01  0.0000E+00  1.0000E+00  0.0000E+00  3.0000E+00  5.3000E+01  3.1314E+02  1.0000E+00  0.0000E+00  1.0000E+00  0.0000E+00  0.0000E+00
  5.7000E+01  2.4830E+01  9.9311E-01  6.9182E-03  0.0000E+00  5.3000E+01  3.1314E+02  1.0000E+00  1.0000E+00  3.6493E-04  0.0000E+00  0.0000E+00
  5.8000E+01  0.0000E+00  1.0000E+00  0.0000E+00  3.0000E+00  4.4000E+01  3.9278E+02  1.0000E+00  0.0000E+00  1.0000E+00  0.0000E+00  0.0000E+00
  5.8000E+01  1.0000E+03  7.0662E-01  3.4726E-01  0.0000E+00  4.4000E+01  3.9278E+02  1.0000E+00  0.0000E+00  7.0662E-01  0.0000E+00  0.0000E+00
  5.9000E+01  0.0000E+00  1.0000E+00  0.0000E+00  3.0000E+00  5.2000E+01  4.0323E+02  1.0000E+00  0.0000E+00  1.0000E+00  0.0000E+00  0.0000E+00
  5.9000E+01  1.0000E+03  7.0712E-01  3.4656E-01  0.0000E+00  5.2000E+01  4.0323E+02  1.0000E+00  0.0000E+00  7.0712E-01  0.0000E+00  0.0000E+00
  6.0000E+01  0.0000E+00  1.0000E+00  0.0000E+00  3.0000E+00  4.5000E+01  1.5434E+02  1.0000E+00  0.0000E+00  1.0000E+00  0.0000E+00  0.0000E+00
  6.0000E+01  4.1486E+02  2.5886E-01  1.3515E+00  0.0000E+00  4.5000E+01  1.5434E+02  1.0000E+00  1.0000E+00  1.1122E-03  0.0000E+00  0.0000E+00
  6.1000E+01  0.0000E+00  1.0000E+00  0.0000E+00  3.0000E+00  4.6000E+01  3.7172E+02  1.0000E+00  0.0000E+00  1.0000E+00  0.0000E+00  0.0000E+00
  6.1000E+01  1.0000E+03  6.4075E-01  4.4512E-01  0.0000E+00  4.6000E+01  3.7172E+02  1.0000E+00  0.0000E+00  6.4075E-01  0.0000E+00  0.0000E+00
  6.2000E+01  0.0000E+00  1.0000E+00  0.0000E+00  3.0000E+00  5.4000E+01  1.2573E+02  1.0000E+00  0.0000E+00  1.0000E+00  0.0000E+00  0.0000E+00
  6.2000E+01  6.9377E+01  8.2296E-01  1.9485E-01  0.0000E+00  5.4000E+01  1.2573E+02  1.0000E+00  1.0000E+00  3.0483E-03  0.0000E+00  0.0000E+00
  6.3000E+01  0.0000E+00  1.0000E+00  0.0000E+00  3.0000E+00  5.7000E+01  6.6600E+01  1.0000E+00  0.0000E+00  1.0000E+00  0.0000E+00  0.0000E+00
  6.3000E+01  1.6231E+02  3.1389E-01  1.1587E+00  0.0000E+00  5.7000E+01  6.6600E+01  1.0000E+00  1.0000E+00  2.9553E-03  0.0000E+00  0.0000E+00
  6.4000E+01  0.0000E+00  1.0000E+00  0.0000E+00  3.0000E+00  4.5000E+01  3.0462E+02  1.0000E+00  0.0000E+00  1.0000E+00  0.0000E+00  0.0000E+00
  6.4000E+01  1.0000E+03  4.1110E-01  8.8893E-01  0.0000E+00  4.5000E+01  3.0462E+02  1.0000E+00  0.0000E+00  4.1110E-01  0.0000E+00  0.0000E+00
  6.5000E+01  0.0000E+00  1.0000E+00  0.0000E+00  3.0000E+00  5.0000E+01  4.3184E+02  1.0000E+00  0.0000E+00  1.0000E+00  0.0000E+00  0.0000E+00
  6.5000E+01  1.3585E+02  9.8221E-01  1.7952E-02  0.0000E+00  5.0000E+01  4.3184E+02  1.0000E+00  1.0000E+00  1.7118E-04  0.0000E+00  0.0000E+00
  6.6000E+01  0.0000E+00  1.0000E+00  0.0000E+00  3.0000E+00  4.5000E+01  3.1539E+02  1.0000E+00  0.0000E+00  1.0000E+00  0.0000E+00  0.0000E+00
  6.6000E+01  1.0000E+03  4.5212E-01  7.9380E-01  0.0000E+00  4.5000E+01  3.1539E+02  1.0000E+00  0.0000E+00  4.5212E-01  0.0000E+00  0.0000E+00
  6.7000E+01  0.0000E+00  1.0000E+00  0.0000E+00  3.0000E+00  6.0000E+01  2.7552E+02  1.0000E+00  0.0000E+00  1.0000E+00  0.0000E+00  0.0000E+00
  6.7000E+01  1.0066E+02  9.3099E-01  7.1506E-02  0.0000E+00  6.0000E+01  2.7552E+02  1.0000E+00  1.0000E+00  8.7225E-04  0.0000E+00  0.0000E+00
  6.8000E+01  0.0000E+00  1.0000E+00  0.0000E+00  3.0000E+00  4.7000E+01  2.0831E+02  1.0000E+00  0.0000E+00  1.0000E+00  0.0000E+00  0.0000E+00
  6.8000E+01  5.2123E+02  3.4508E-01  1.0640E+00  0.0000E+00  4.7000E+01  2.0831E+02  1.0000E+00  1.0000E+00  9.2902E-04  0.0000E+00  0.0000E+00
  6.9000E+01  0.0000E+00  1.0000E+00  0.0000E+00  3.0000E+00  5.7000E+01  4.7430E+01  1.0000E+00  0.0000E+00  1.0000E+00  0.0000E+00  0.0000E+00
  6.9000E+01  5.4038E+01  7.1729E-01  3.3227E-01  0.0000E+00  5.7000E+01  4.7430E+01  1.0000E+00  1.0000E+00  5.8169E-03  0.0000E+00  0.0000E+00
  7.0000E+01  0.0000E+00  1.0000E+00  0.0000E+00  3.0000E+00  4.7000E+01  9.9340E+01  1.0000E+00  0.0000E+00  1.0000E+00  0.0000E+00  0.0000E+00
  7.0000E+01  2.1575E+02  3.5176E-01  1.0448E+00  0.0000E+00  4.7000E+01  9.9340E+01  1.0000E+00  1.0000E+00  2.2466E-03  0.0000E+00  0.0000E+00
  7.1000E+01  0.0000E+00  1.0000E+00  0.0000E+00  3.0000E+00  4.3000E+01  1.3870E+01  1.0000E+00  0.0000E+00  1.0000E+00  0.0000E+00  0.0000E+00
  7.1000E+01  1.3474E+02  2.7079E-01  1.3064E+00  0.0000E+00  4.3000E+01  1.3870E+01  1.0000E+00  1.0000E+00  3.4626E-03  0.0000E+00  0.0000E+00
  7.2000E+01  0.0000E+00  1.0000E+00  0.0000E+00  3.0000E+00  3.8000E+01  3.2550E+02  1.0000E+00  0.0000E+00  1.0000E+00  0.0000E+00  0.0000E+00
  7.2000E+01  1.0000E+03  5.2228E-01  6.4954E-01  0.0000E+00  3.8000E+01  3.2550E+02  1.0000E+00  0.0000E+00  5.2228E-01  0.0000E+00  0.0000E+00
  7.3000E+01  0.0000E+00  1.0000E+00  0.0000E+00  3.0000E+00  5.1000E+01  1.0057E+02  1.0000E+00  0.0000E+00  1.0000E+00  0.0000E+00  0.0000E+00
  7.3000E+01  3.0478E+02  1.7965E-01  1.7167E+00  0.0000E+00  5.1000E+01  1.0057E+02  1.0000E+00  1.0000E+00  1.3346E-03  0.0000E+00  0.0000E+00
  7.4000E+01  0.0000E+00  1.0000E+00  0.0000E+00  3.0000E+00  5.7000E+01  4.6514E+02  1.0000E+00  0.0000E+00  1.0000E+00  0.0000E+00  0.0000E+00
  7.4000E+01  1.0000E+03  8.2414E-01  1.9341E-01  0.0000E+00  5.7000E+01  4.6514E+02  1.0000E+00  0.0000E+00  8.2414E-01  0.0000E+00  0.0000E+00
  7.5000E+01  0.0000E+00  1.0000E+00  0.0000E+00  3.0000E+00  3.3000E+01  2.6042E+02  1.0000E+00  0.0000E+00  1.0000E+00  0.0000E+00  0.0000E+00
  7.5000E+01  1.0000E+03  3.0020E-01  1.2033E+00  0.0000E+00  3.3000E+01  2.6042E+02  1.0000E+00  0.0000E+00  3.0020E-01  0.0000E+00  0.0000E+00
  7.6000E+01  0.0000E+00  1.0000E+00  0.0000E+00  3.0000E+00  4.9000E+01  4.8845E+02  1.0000E+00  0.0000E+00  1.0000E+00  0.0000E+00  0.0000E+00
  7.6000E+01  1.0000E+03  8.7291E-01  1.3592E-01  0.0000E+00  4.9000E+01  4.8845E+02  1.0000E+00  0.0000E+00  8.7291E-01  0.0000E+00  0.0000E+00
  7.7000E+01  0.0000E+00  1.0000E+00  0.0000E+00  3.0000E+00  5.6000E+01  1.0197E+02  1.0000E+00  0.0000E+00  1.0000E+00  0.0000E+00  0.0000E+00
  7.7000E+01  1.4758E+02  4.9892E-01  6.9530E-01  0.0000E+00  5.6000E+01  1.0197E+02  1.0000E+00  1.0000E+00  3.1002E-03  0.0000E+00  0.0000E+00
  7.8000E+01  0.0000E+00  1.0000E+00  0.0000E+00  3.0000E+00  5.0000E+01  3.3907E+02  1.0000E+00  0.0000E+00  1.0000E+00  0.0000E+00  0.0000E+00
  7.8000E+01  1.0000E+03  5.1579E-01  6.6206E-01  0.0000E+00  5.0000E+01  3.3907E+02  1.0000E+00  0.0000E+00  5.1579E-01  0.0000E+00  0.0000E+00
  7.9000E+01  0.0000E+00  1.0000E+00  0.0000E+00  3.0000E+00  5.7000E+01  2.6937E+02  1.0000E+00  0.0000E+00  1.0000E+00  0.0000E+00  0.0000E+00
  7.9000E+01  2.0412E+02  8.3017E-01  1.8613E-01  0.0000E+00  5.7000E+01  2.6937E+02  1.0000E+00  1.0000E+00  9.9835E-04  0.0000E+00  0.0000E+00
  8.0000E+01  0.0000E+00  1.0000E+00  0.0000E+00  3.0000E+00  5.1000E+01  3.6494E+02  1.0000E+00  0.0000E+00  1.0000E+00  0.0000E+00  0.0000E+00
  8.0000E+01  1.0000E+03  5.9971E-01  5.1130E-01  0.0000E+00  5.1000E+01  3.6494E+02  1.0000E+00  0.0000E+00  5.9971E-01  0.0000E+00  0.0000E+00
  8.1000E+01  0.0000E+00  1.0000E+00  0.0000E+00  3.0000E+00  5.3000E+01  4.9624E+02  1.0000E+00  0.0000E+00  1.0000E+00  0.0000E+00  0.0000E+00
  8.1000E+01  1.0000E+03  8.7619E-01  1.3217E-01  0.0000E+00  5.3000E+01  4.9624E+02  1.0000E+00  0.0000E+00  8.7619E-01  0.0000E+00  0.0000E+00
  8.2000E+01  0.0000E+00  1.0000E+00  0.0000E+00  3.0000E+00  3.6000E+01  4.7395E+02  1.0000E+00  0.0000E+00  1.0000E+00  0.0000E+00  0.0000E+00
  8.2000E+01  9.4772E+02  8.8358E-01  1.2377E-01  0.0000E+00  3.6000E+01  4.7395E+02  1.0000E+00  1.0000E+00  1.5219E-04  0.0000E+00  0.0000E+00
  8.3000E+01  0.0000E+00  1.0000E+00  0.0000E+00  3.0000E+00  5.2000E+01  1.3398E+02  1.0000E+00  0.0000E+00  1.0000E+00  0.0000E+00  0.0000E+00
  8.3000E+01  2.6067E+02  3.6913E-01  9.9660E-01  0.0000E+00  5.2000E+01  1.3398E+02  1.0000E+00  1.0000E+00  1.8613E-03  0.0000E+00  0.0000E+00
  8.4000E+01  0.0000E+00  1.0000E+00  0.0000E+00  3.0000E+00  5.3000E+01  1.5384E+02  1.0000E+00  0.0000E+00  1.0000E+00  0.0000E+00  0.0000E+00
  8.4000E+01  6.3833E+02  6.9164E-02  2.6713E+00  0.0000E+00  5.3000E+01  1.5384E+02  1.0000E+00  1.0000E+00  3.8173E-04  0.0000E+00  0.0000E+00
  8.5000E+01  0.0000E+00  1.0000E+00  0.0000E+00  3.0000E+00  5.3000E+01  4.0858E+02  1.0000E+00  0.0000E+00  1.0000E+00  0.0000E+00  0.0000E+00
  8.5000E+01  7.0831E+02  8.1001E-01  2.1071E-01  0.0000E+00  5.3000E+01  4.0858E+02  1.0000E+00  1.0000E+00  3.1779E-04  0.0000E+00  0.0000E+00
  8.6000E+01  0.0000E+00  1.0000E+00  0.0000E+00  3.0000E+00  4.6000E+01  3.5093E+02  1.0000E+00  0.0000E+00  1.0000E+00  0.0000E+00  0.0000E+00
  8.6000E+01  2.7871E+02  9.0239E-01  1.0271E-01  0.0000E+00  4.6000E+01  3.5093E+02  1.0000E+00  1.0000E+00  4.3857E-04  0.0000E+00  0.0000E+00
  8.7000E+01  0.0000E+00  1.0000E+00  0.0000E+00  3.0000E+00  5.2000E+01  2.6684E+02  1.0000E+00  0.0000E+00  1.0000E+00  0.0000E+00  0.0000E+00
  8.7000E+01  2.4011E+02  8.0142E-01  2.2136E-01  0.0000E+00  5.2000E+01  2.6684E+02  1.0000E+00  1.0000E+00  9.7444E-04  0.0000E+00  0.0000E+00
  8.8000E+01  0.0000E+00  1.0000E+00  0.0000E+00  3.0000E+00  4.2000E+01  3.7094E+02  1.0000E+00  0.0000E+00  1.0000E+00  0.0000E+00  0.0000E+00
  8.8000E+01  1.0000E+03  6.5362E-01  4.2523E-01  0.0000E+00  4.2000E+01  3.7094E+02  1.0000E+00  0.0000E+00  6.5362E-01  0.0000E+00  0.0000E+00
  8.9000E+01  0.0000E+00  1.0000E+00  0.0000E+00  3.0000E+00  5.8000E+01  4.5935E+02  1.0000E+00  0.0000E+00  1.0000E+00  0.0000E+00  0.0000E+00
  8.9000E+01  1.0000E+03  8.1194E-01  2.0833E-01  0.0000E+00  5.8000E+01  4.5935E+02  1.0000E+00  0.0000E+00  8.1194E-01  0.0000E+00  0.0000E+00
  9.0000E+01  0.0000E+00  1.0000E+00  0.0000E+00  3.0000E+00  5.2000E+01  1.1396E+02  1.0000E+00  0.0000E+00  1.0000E+00  0.0000E+00  0.0000E+00
  9.0000E+01  2.3259E+02  3.4703E-01  1.0583E+00  0.0000E+00  5.2000E+01  1.1396E+02  1.0000E+00  1.0000E+00  2.0826E-03  0.0000E+00  0.0000E+00
  9.1000E+01  0.0000E+00  1.0000E+00  0.0000E+00  3.0000E+00  5.0000E+01  2.1840E+01  1.0000E+00  0.0000E+00  1.0000E+00  0.0000E+00  0.0000E+00
  9.1000E+01  5.5041E+01  6.6673E-01  4.0537E-01  0.0000E+00  5.0000E+01  2.1840E+01  1.0000E+00  1.0000E+00  6.4762E-03  0.0000E+00  0.0000E+00
  9.2000E+01  0.0000E+00  1.0000E+00  0.0000E+00  3.0000E+00  5.2000E+01  2.1495E+02  1.0000E+00  0.0000E+00  1.0000E+00  0.0000E+00  0.0000E+00
  9.2000E+01  8.1558E+02  1.4724E-01  1.9157E+00  0.0000E+00  5.2000E+01  2.1495E+02  1.0000E+00  1.0000E+00  4.5613E-04  0.0000E+00  0.0000E+00
  9.3000E+01  0.0000E+00  1.0000E+00  0.0000E+00  3.0000E+00  4.2000E+01  8.3310E+01  1.0000E+00  0.0000E+00  1.0000E+00  0.0000E+00  0.0000E+00
  9.3000E+01  3.6585E+01  8.9466E-01  1.1132E-01  0.0000E+00  4.2000E+01  8.3310E+01  1.0000E+00  1.0000E+00  3.5901E-03  0.0000E+00  0.0000E+00
  9.4000E+01  0.0000E+00  1.0000E+00  0.0000E+00  3.0000E+00  4.6000E+01  4.0453E+02  1.0000E+00  0.0000E+00  1.0000E+00  0.0000E+00  0.0000E+00
  9.4000E+01  1.0000E+03  7.2957E-01  3.1531E-01  0.0000E+00  4.6000E+01  4.0453E+02  1.0000E+00  0.0000E+00  7.2957E-01  0.0000E+00  0.0000E+00
  9.5000E+01  0.0000E+00  1.0000E+00  0.0000E+00  3.0000E+00  5.4000E+01  1.2627E+02  1.0000E+00  0.0000E+00  1.0000E+00  0.0000E+00  0.0000E+00
  9.5000E+01  1.6412E+02  5.4709E-01  6.0314E-01  0.0000E+00  5.4000E+01  1.2627E+02  1.0000E+00  1.0000E+00  2.6517E-03  0.0000E+00  0.0000E+00
  9.6000E+01  0.0000E+00  1.0000E+00  0.0000E+00  3.0000E+00  6.0000E+01  5.0610E+01  1.0000E+00  0.0000E+00  1.0000E+00  0.0000E+00  0.0000E+00
  9.6000E+01  6.6370E+01  6.4481E-01  4.3881E-01  0.0000E+00  6.0000E+01  5.0610E+01  1.0000E+00  1.0000E+00  5.6226E-03  0.0000E+00  0.0000E+00
  9.7000E+01  0.0000E+00  1.0000E+00  0.0000E+00  3.0000E+00  5.1000E+01  4.9533E+02  1.0000E+00  0.0000E+00  1.0000E+00  0.0000E+00  0.0000E+00
  9.7000E+01  1.0000E+03  8.7819E-01  1.2989E-01  0.0000E+00  5.1000E+01  4.9533E+02  1.0000E+00  0.0000E+00  8.7819E-01  0.0000E+00  0.0000E+00
  9.8000E+01  0.0000E+00  1.0000E+00  0.0000E+00  3.0000E+00  5.2000E+01  3.2488E+02  1.0000E+00  0.0000E+00  1.0000E+00  0.0000E+00  0.0000E+00
  9.8000E+01  1.7695E+02  9.2272E-01  8.0424E-02  0.0000E+00  5.2000E+01  3.2488E+02  1.0000E+00  1.0000E+00  5.5310E-04  0.0000E+00  0.0000E+00
  9.9000E+01  0.0000E+00  1.0000E+00  0.0000E+00  3.0000E+00  5.1000E+01  3.7714E+02  1.0000E+00  0.0000E+00  1.0000E+00  0.0000E+00  0.0000E+00
  9.9000E+01  6.0545E+02  7.9290E-01  2.3205E-01  0.0000E+00  5.1000E+01  3.7714E+02  1.0000E+00  1.0000E+00  4.0080E-04  0.0000E+00  0.0000E+00
  1.0000E+02  0.0000E+00  1.0000E+00  0.0000E+00  3.0000E+00  5.3000E+01  1.9922E+02  1.0000E+00  0.0000E+00  1.0000E+00  0.0000E+00  0.0000E+00
  1.0000E+02  2.2197E+02  6.6253E-01  4.1169E-01  0.0000E+00  5.3000E+01  1.9922E+02  1.0000E+00  1.0000E+00  1.6206E-03  0.0000E+00  0.0000E+00
  1.0100E+02  0.0000E+00  1.0000E+00  0.0000E+00  3.0000E+00  5.8000E+01  4.1611E+02  1.0000E+00  0.0000E+00  1.0000E+00  0.0000E+00  0.0000E+00
  1.0100E+02  1.0000E+03  7.2024E-01  3.2817E-01  0.0000E+00  5.8000E+01  4.1611E+02  1.0000E+00  0.0000E+00  7.2024E-01  0.0000E+00  0.0000E+00
  1.0200E+02  0.0000E+00  1.0000E+00  0.0000E+00  3.0000E+00  4.0000E+01  1.1382E+02  1.0000E+00  0.0000E+00  1.0000E+00  0.0000E+00  0.0000E+00
  1.0200E+02  2.2538E+02  4.2108E-01  8.6494E-01  0.0000E+00  4.0000E+01  1.1382E+02  1.0000E+00  1.0000E+00  2.1313E-03  0.0000E+00  0.0000E+00
  1.0300E+02  0.0000E+00  1.0000E+00  0.0000E+00  3.0000E+00  5.1000E+01  4.1364E+02  1.0000E+00  0.0000E+00  1.0000E+00  0.0000E+00  0.0000E+00
  1.0300E+02  1.0000E+03  7.3603E-01  3.0649E-01  0.0000E+00  5.1000E+01  4.1364E+02  1.0000E+00  0.0000E+00  7.3603E-01  0.0000E+00  0.0000E+00
  1.0400E+02  0.0000E+00  1.0000E+00  0.0000E+00  3.0000E+00  5.6000E+01  1.6860E+02  1.0000E+00  0.0000E+00  1.0000E+00  0.0000E+00  0.0000E+00
  1.0400E+02  4.8484E+02  1.9067E-01  1.6572E+00  0.0000E+00  5.6000E+01  1.6860E+02  1.0000E+00  1.0000E+00  8.5954E-04  0.0000E+00  0.0000E+00
  1.0500E+02  0.0000E+00  1.0000E+00  0.0000E+00  3.0000E+00  5.4000E+01  4.0628E+02  1.0000E+00  0.0000E+00  1.0000E+00  0.0000E+00  0.0000E+00
  1.0500E+02  1.0000E+03  7.0837E-01  3.4479E-01  0.0000E+00  5.4000E+01  4.0628E+02  1.0000E+00  0.0000E+00  7.0837E-01  0.0000E+00  0.0000E+00
  1.0600E+02  0.0000E+00  1.0000E+00  0.0000E+00  3.0000E+00  5.7000E+01  7.2460E+01  1.0000E+00  0.0000E+00  1.0000E+00  0.0000E+00  0.0000E+00
  1.0600E+02  8.8025E+01  6.1501E-01  4.8611E-01  0.0000E+00  5.7000E+01  7.2460E+01  1.0000E+00  1.0000E+00  4.4794E-03  0.0000E+00  0.0000E+00
  1.0700E+02  0.0000E+00  1.0000E+00  0.0000E+00  3.0000E+00  5.2000E+01  1.3710E+02  1.0000E+00  0.0000E+00  1.0000E+00  0.0000E+00  0.0000E+00
  1.0700E+02  1.6582E+02  5.8794E-01  5.3113E-01  0.0000E+00  5.2000E+01  1.3710E+02  1.0000E+00  1.0000E+00  2.4837E-03  0.0000E+00  0.0000E+00
  1.0800E+02  0.0000E+00  1.0000E+00  0.0000E+00  3.0000E+00  5.8000E+01  4.7179E+02  1.0000E+00  0.0000E+00  1.0000E+00  0.0000E+00  0.0000E+00
  1.0800E+02  1.0000E+03  8.3293E-01  1.8280E-01  0.0000E+00  5.8000E+01  4.7179E+02  1.0000E+00  0.0000E+00  8.3293E-01  0.0000E+00  0.0000E+00
  1.0900E+02  0.0000E+00  1.0000E+00  0.0000E+00  3.0000E+00  6.8000E+01  2.7685E+02  1.0000E+00  0.0000E+00  1.0000E+00  0.0000E+00  0.0000E+00
  1.0900E+02  9.1052E+02  2.3838E-01  1.4339E+00  0.0000E+00  6.8000E+01  2.7685E+02  1.0000E+00  1.0000E+00  4.9510E-04  0.0000E+00  0.0000E+00
  1.1000E+02  0.0000E+00  1.0000E+00  0.0000E+00  3.0000E+00  4.0000E+01  4.7249E+02  1.0000E+00  0.0000E+00  1.0000E+00  0.0000E+00  0.0000E+00
  1.1000E+02  1.0000E+03  8.6729E-01  1.4238E-01  0.0000E+00  4.0000E+01  4.7249E+02  1.0000E+00  0.0000E+00  8.6729E-01  0.0000E+00  0.0000E+00
  1.1100E+02  0.0000E+00  1.0000E+00  0.0000E+00  3.0000E+00  3.6000E+01  4.4551E+02  1.0000E+00  0.0000E+00  1.0000E+00  0.0000E+00  0.0000E+00
  1.1100E+02  1.0000E+03  8.3599E-01  1.7914E-01  0.0000E+00  3.6000E+01  4.4551E+02  1.0000E+00  0.0000E+00  8.3599E-01  0.0000E+00  0.0000E+00
  1.1200E+02  0.0000E+00  1.0000E+00  0.0000E+00  3.0000E+00  5.7000E+01  1.9364E+02  1.0000E+00  0.0000E+00  1.0000E+00  0.0000E+00  0.0000E+00
  1.1200E+02  5.0890E+02  2.5253E-01  1.3762E+00  0.0000E+00  5.7000E+01  1.9364E+02  1.0000E+00  1.0000E+00  9.0069E-04  0.0000E+00  0.0000E+00
  1.1300E+02  0.0000E+00  1.0000E+00  0.0000E+00  3.0000E+00  4.9000E+01  2.0843E+02  1.0000E+00  0.0000E+00  1.0000E+00  0.0000E+00  0.0000E+00
  1.1300E+02  7.5332E+02  1.6959E-01  1.7743E+00  0.0000E+00  4.9000E+01  2.0843E+02  1.0000E+00  1.0000E+00  5.2683E-04  0.0000E+00  0.0000E+00
  1.1400E+02  0.0000E+00  1.0000E+00  0.0000E+00  3.0000E+00  5.5000E+01  1.8775E+02  1.0000E+00  0.0000E+00  1.0000E+00  0.0000E+00  0.0000E+00
  1.1400E+02  6.5367E+01  9.0924E-01  9.5147E-02  0.0000E+00  5.5000E+01  1.8775E+02  1.0000E+00  1.0000E+00  1.7455E-03  0.0000E+00  0.0000E+00
  1.1500E+02  0.0000E+00  1.0000E+00  0.0000E+00  3.0000E+00  5.7000E+01  3.7967E+02  1.0000E+00  0.0000E+00  1.0000E+00  0.0000E+00  0.0000E+00
  1.1500E+02  1.0000E+03  6.2197E-01  4.7486E-01  0.0000E+00  5.7000E+01  3.7967E+02  1.0000E+00  0.0000E+00  6.2197E-01  0.0000E+00  0.0000E+00
  1.1600E+02  0.0000E+00  1.0000E+00  0.0000E+00  3.0000E+00  5.1000E+01  9.1200E+01  1.0000E+00  0.0000E+00  1.0000E+00  0.0000E+00  0.0000E+00
  1.1600E+02  4.1175E+02  5.9789E-02  2.8169E+00  0.0000E+00  5.1000E+01  9.1200E+01  1.0000E+00  1.0000E+00  5.3947E-04  0.0000E+00  0.0000E+00
  1.1700E+02  0.0000E+00  1.0000E+00  0.0000E+00  3.0000E+00  3.4000E+01  4.7540E+02  1.0000E+00  0.0000E+00  1.0000E+00  0.0000E+00  0.0000E+00
  1.1700E+02  1.0000E+03  8.8041E-01  1.2737E-01  0.0000E+00  3.4000E+01  4.7540E+02  1.0000E+00  0.0000E+00  8.8041E-01  0.0000E+00  0.0000E+00
  1.1800E+02  0.0000E+00  1.0000E+00  0.0000E+00  3.0000E+00  4.9000E+01  4.1408E+02  1.0000E+00  0.0000E+00  1.0000E+00  0.0000E+00  0.0000E+00
  1.1800E+02  1.0000E+03  7.4307E-01  2.9696E-01  0.0000E+00  4.9000E+01  4.1408E+02  1.0000E+00  0.0000E+00  7.4307E-01  0.0000E+00  0.0000E+00
  1.1900E+02  0.0000E+00  1.0000E+00  0.0000E+00  3.0000E+00  3.7000E+01  3.0241E+02  1.0000E+00  0.0000E+00  1.0000E+00  0.0000E+00  0.0000E+00
  1.1900E+02  5.1512E+02  7.1138E-01  3.4055E-01  0.0000E+00  3.7000E+01  3.0241E+02  1.0000E+00  1.0000E+00  6.2027E-04  0.0000E+00  0.0000E+00
  1.2000E+02  0.0000E+00  1.0000E+00  0.0000E+00  3.0000E+00  5.8000E+01  1.3700E+00  1.0000E+00  0.0000E+00  1.0000E+00  0.0000E+00  0.0000E+00
  1.2000E+02  1.2121E+02  2.0477E-01  1.5859E+00  0.0000E+00  5.8000E+01  1.3700E+00  1.0000E+00  1.0000E+00  3.5334E-03  0.0000E+00  0.0000E+00
  1.2100E+02  0.0000E+00  1.0000E+00  0.0000E+00  3.0000E+00  5.2000E+01  3.8926E+02  1.0000E+00  0.0000E+00  1.0000E+00  0.0000E+00  0.0000E+00
  1.2100E+02  1.0000E+03  6.6941E-01  4.0136E-01  0.0000E+00  5.2000E+01  3.8926E+02  1.0000E+00  0.0000E+00  6.6941E-01  0.0000E+00  0.0000E+00
  1.2200E+02  0.0000E+00  1.0000E+00  0.0000E+00  3.0000E+00  4.7000E+01  1.8352E+02  1.0000E+00  0.0000E+00  1.0000E+00  0.0000E+00  0.0000E+00
  1.2200E+02  3.0358E+02  5.0825E-01  6.7678E-01  0.0000E+00  4.7000E+01  1.8352E+02  1.0000E+00  1.0000E+00  1.4944E-03  0.0000E+00  0.0000E+00
  1.2300E+02  0.0000E+00  1.0000E+00  0.0000E+00  3.0000E+00  5.4000E+01  3.3523E+02  1.0000E+00  0.0000E+00  1.0000E+00  0.0000E+00  0.0000E+00
  1.2300E+02  1.7876E+02  9.2765E-01  7.5105E-02  0.0000E+00  5.4000E+01  3.3523E+02  1.0000E+00  1.0000E+00  5.1403E-04  0.0000E+00  0.0000E+00
  1.2400E+02  0.0000E+00  1.0000E+00  0.0000E+00  3.0000E+00  5.4000E+01  1.0731E+02  1.0000E+00  0.0000E+00  1.0000E+00  0.0000E+00  0.0000E+00
  1.2400E+02  1.1760E+02  6.2233E-01  4.7429E-01  0.0000E+00  5.4000E+01  1.0731E+02  1.0000E+00  1.0000E+00  3.3102E-03  0.0000E+00  0.0000E+00
  1.2500E+02  0.0000E+00  1.0000E+00  0.0000E+00  3.0000E+00  5.4000E+01  3.6482E+02  1.0000E+00  0.0000E+00  1.0000E+00  0.0000E+00  0.0000E+00
  1.2500E+02  1.0000E+03  5.8680E-01  5.3307E-01  0.0000E+00  5.4000E+01  3.6482E+02  1.0000E+00  0.0000E+00  5.8680E-01  0.0000E+00  0.0000E+00
  1.2600E+02  0.0000E+00  1.0000E+00  0.0000E+00  3.0000E+00  4.9000E+01  4.4222E+02  1.0000E+00  0.0000E+00  1.0000E+00  0.0000E+00  0.0000E+00
  1.2600E+02  1.0000E+03  8.0177E-01  2.2094E-01  0.0000E+00  4.9000E+01  4.4222E+02  1.0000E+00  0.0000E+00  8.0177E-01  0.0000E+00  0.0000E+00
  1.2700E+02  0.0000E+00  1.0000E+00  0.0000E+00  3.0000E+00  4.8000E+01  1.9201E+02  1.0000E+00  0.0000E+00  1.0000E+00  0.0000E+00  0.0000E+00
  1.2700E+02  5.2053E+02  2.7870E-01  1.2776E+00  0.0000E+00  4.8000E+01  1.9201E+02  1.0000E+00  1.0000E+00  9.0219E-04  0.0000E+00  0.0000E+00
  1.2800E+02  0.0000E+00  1.0000E+00  0.0000E+00  3.0000E+00  4.8000E+01  1.8525E+02  1.0000E+00  0.0000E+00  1.0000E+00  0.0000E+00  0.0000E+00
  1.2800E+02  6.3342E+02  1.6915E-01  1.7770E+00  0.0000E+00  4.8000E+01  1.8525E+02  1.0000E+00  1.0000E+00  6.2584E-04  0.0000E+00  0.0000E+00
  1.2900E+02  0.0000E+00  1.0000E+00  0.0000E+00  3.0000E+00  4.5000E+01  1.3628E+02  1.0000E+00  0.0000E+00  1.0000E+00  0.0000E+00  0.0000E+00
  1.2900E+02  6.5467E+01  8.6666E-01  1.4311E-01  0.0000E+00  4.5000E+01  1.3628E+02  1.0000E+00  1.0000E+00  2.4985E-03  0.0000E+00  0.0000E+00
  1.3000E+02  0.0000E+00  1.0000E+00  0.0000E+00  3.0000E+00  4.7000E+01  1.5638E+02  1.0000E+00  0.0000E+00  1.0000E+00  0.0000E+00  0.0000E+00
  1.3000E+02  1.9059E+02  6.1437E-01  4.8716E-01  0.0000E+00  4.7000E+01  1.5638E+02  1.0000E+00  1.0000E+00  2.0711E-03  0.0000E+00  0.0000E+00
  1.3100E+02  0.0000E+00  1.0000E+00  0.0000E+00  3.0000E+00  5.7000E+01  2.9048E+02  1.0000E+00  0.0000E+00  1.0000E+00  0.0000E+00  0.0000E+00
  1.3100E+02  1.0000E+03  2.9750E-01  1.2123E+00  0.0000E+00  5.7000E+01  2.9048E+02  1.0000E+00  0.0000E+00  2.9750E-01  0.0000E+00  0.0000E+00
  1.3200E+02  0.0000E+00  1.0000E+00  0.0000E+00  3.0000E+00  6.9000E+01  3.3527E+02  1.0000E+00  0.0000E+00  1.0000E+00  0.0000E+00  0.0000E+00
  1.3200E+02  1.0000E+03  4.1062E-01  8.9008E-01  0.0000E+00  6.9000E+01  3.3527E+02  1.0000E+00  0.0000E+00  4.1062E-01  0.0000E+00  0.0000E+00
  1.3300E+02  0.0000E+00  1.0000E+00  0.0000E+00  3.0000E+00  4.6000E+01  2.4524E+02  1.0000E+00  0.0000E+00  1.0000E+00  0.0000E+00  0.0000E+00
  1.3300E+02  1.0000E+03  1.8607E-01  1.6816E+00  0.0000E+00  4.6000E+01  2.4524E+02  1.0000E+00  0.0000E+00  1.8607E-01  0.0000E+00  0.0000E+00
  1.3400E+02  0.0000E+00  1.0000E+00  0.0000E+00  3.0000E+00  5.8000E+01  5.5500E+00  1.0000E+00  0.0000E+00  1.0000E+00  0.0000E+00  0.0000E+00
  1.3400E+02  2.1408E+01  8.5708E-01  1.5422E-01  0.0000E+00  5.8000E+01  5.5500E+00  1.0000E+00  1.0000E+00  8.1431E-03  0.0000E+00  0.0000E+00
  1.3500E+02  0.0000E+00  1.0000E+00  0.0000E+00  3.0000E+00  4.8000E+01  2.6207E+02  1.0000E+00  0.0000E+00  1.0000E+00  0.0000E+00  0.0000E+00
  1.3500E+02  1.0000E+03  2.3516E-01  1.4475E+00  0.0000E+00  4.8000E+01  2.6207E+02  1.0000E+00  0.0000E+00  2.3516E-01  0.0000E+00  0.0000E+00
  1.3600E+02  0.0000E+00  1.0000E+00  0.0000E+00  3.0000E+00  5.3000E+01  1.8049E+02  1.0000E+00  0.0000E+00  1.0000E+00  0.0000E+00  0.0000E+00
  1.3600E+02  2.8413E+02  4.9949E-01  6.9416E-01  0.0000E+00  5.3000E+01  1.8049E+02  1.0000E+00  1.0000E+00  1.6095E-03  0.0000E+00  0.0000E+00
  1.3700E+02  0.0000E+00  1.0000E+00  0.0000E+00  3.0000E+00  5.0000E+01  4.8344E+02  1.0000E+00  0.0000E+00  1.0000E+00  0.0000E+00  0.0000E+00
  1.3700E+02  1.0000E+03  8.6484E-01  1.4521E-01  0.0000E+00  5.0000E+01  4.8344E+02  1.0000E+00  0.0000E+00  8.6484E-01  0.0000E+00  0.0000E+00
  1.3800E+02  0.0000E+00  1.0000E+00  0.0000E+00  3.0000E+00  4.8000E+01  2.7830E+02  1.0000E+00  0.0000E+00  1.0000E+00  0.0000E+00  0.0000E+00
  1.3800E+02  1.0000E+03  2.9507E-01  1.2205E+00  0.0000E+00  4.8000E+01  2.7830E+02  1.0000E+00  0.0000E+00  2.9507E-01  0.0000E+00  0.0000E+00
  1.3900E+02  0.0000E+00  1.0000E+00  0.0000E+00  3.0000E+00  6.4000E+01  3.6457E+02  1.0000E+00  0.0000E+00  1.0000E+00  0.0000E+00  0.0000E+00
  1.3900E+02  9.3840E+02  5.6986E-01  5.6237E-01  0.0000E+00  6.4000E+01  3.6457E+02  1.0000E+00  1.0000E+00  4.5041E-04  0.0000E+00  0.0000E+00
  1.4000E+02  0.0000E+00  1.0000E+00  0.0000E+00  3.0000E+00  5.0000E+01  2.6588E+02  1.0000E+00  0.0000E+00  1.0000E+00  0.0000E+00  0.0000E+00
  1.4000E+02  6.3733E+02  4.5443E-01  7.8871E-01  0.0000E+00  5.0000E+01  2.6588E+02  1.0000E+00  1.0000E+00  7.4169E-04  0.0000E+00  0.0000E+00
  1.4100E+02  0.0000E+00  1.0000E+00  0.0000E+00  3.0000E+00  4.6000E+01  4.8368E+02  1.0000E+00  0.0000E+00  1.0000E+00  0.0000E+00  0.0000E+00
  1.4100E+02  1.0000E+03  8.7176E-01  1.3724E-01  0.0000E+00  4.6000E+01  4.8368E+02  1.0000E+00  0.0000E+00  8.7176E-01  0.0000E+00  0.0000E+00
  1.4200E+02  0.0000E+00  1.0000E+00  0.0000E+00  3.0000E+00  5.5000E+01  3.2980E+02  1.0000E+00  0.0000E+00  1.0000E+00  0.0000E+00  0.0000E+00
  1.4200E+02  1.0000E+03  4.5810E-01  7.8067E-01  0.0000E+00  5.5000E+01  3.2980E+02  1.0000E+00  0.0000E+00  4.5810E-01  0.0000E+00  0.0000E+00
  1.4300E+02  0.0000E+00  1.0000E+00  0.0000E+00  3.0000E+00  4.2000E+01  2.1720E+01  1.0000E+00  0.0000E+00  1.0000E+00  0.0000E+00  0.0000E+00
  1.4300E+02  6.7873E+01  6.1852E-01  4.8042E-01  0.0000E+00  4.2000E+01  2.1720E+01  1.0000E+00  1.0000E+00  5.7741E-03  0.0000E+00  0.0000E+00
  1.4400E+02  0.0000E+00  1.0000E+00  0.0000E+00  3.0000E+00  4.9000E+01  3.6672E+02  1.0000E+00  0.0000E+00  1.0000E+00  0.0000E+00  0.0000E+00
  1.4400E+02  4.8805E+02  8.2724E-01  1.8966E-01  0.0000E+00  4.9000E+01  3.6672E+02  1.0000E+00  1.0000E+00  4.2398E-04  0.0000E+00  0.0000E+00
  1.4500E+02  0.0000E+00  1.0000E+00  0.0000E+00  3.0000E+00  4.2000E+01  1.7359E+02  1.0000E+00  0.0000E+00  1.0000E+00  0.0000E+00  0.0000E+00
  1.4500E+02  2.4051E+02  5.9656E-01  5.1658E-01  0.0000E+00  4.2000E+01  1.7359E+02  1.0000E+00  1.0000E+00  1.6899E-03  0.0000E+00  0.0000E+00
  1.4600E+02  0.0000E+00  1.0000E+00  0.0000E+00  3.0000E+00  3.9000E+01  1.7616E+02  1.0000E+00  0.0000E+00  1.0000E+00  0.0000E+00  0.0000E+00
  1.4600E+02  1.9179E+02  6.9890E-01  3.5825E-01  0.0000E+00  3.9000E+01  1.7616E+02  1.0000E+00  1.0000E+00  1.7218E-03  0.0000E+00  0.0000E+00
  1.4700E+02  0.0000E+00  1.0000E+00  0.0000E+00  3.0000E+00  4.9000E+01  6.0850E+01  1.0000E+00  0.0000E+00  1.0000E+00  0.0000E+00  0.0000E+00
  1.4700E+02  7.3688E+01  6.7705E-01  3.9002E-01  0.0000E+00  4.9000E+01  6.0850E+01  1.0000E+00  1.0000E+00  4.7261E-03  0.0000E+00  0.0000E+00
  1.4800E+02  0.0000E+00  1.0000E+00  0.0000E+00  3.0000E+00  4.0000E+01  1.6674E+02  1.0000E+00  0.0000E+00  1.0000E+00  0.0000E+00  0.0000E+00
  1.4800E+02  2.6177E+02  5.4650E-01  6.0422E-01  0.0000E+00  4.0000E+01  1.6674E+02  1.0000E+00  1.0000E+00  1.6637E-03  0.0000E+00  0.0000E+00
  1.4900E+02  0.0000E+00  1.0000E+00  0.0000E+00  3.0000E+00  5.7000E+01  4.2903E+02  1.0000E+00  0.0000E+00  1.0000E+00  0.0000E+00  0.0000E+00
  1.4900E+02  1.0000E+03  7.5377E-01  2.8267E-01  0.0000E+00  5.7000E+01  4.2903E+02  1.0000E+00  0.0000E+00  7.5377E-01  0.0000E+00  0.0000E+00
  1.5000E+02  0.0000E+00  1.0000E+00  0.0000E+00  3.0000E+00  4.2000E+01  3.7330E+02  1.0000E+00  0.0000E+00  1.0000E+00  0.0000E+00  0.0000E+00
  1.5000E+02  4.6830E+02  8.5854E-01  1.5252E-01  0.0000E+00  4.2000E+01  3.7330E+02  1.0000E+00  1.0000E+00  3.6878E-04  0.0000E+00  0.0000E+00
  1.5100E+02  0.0000E+00  1.0000E+00  0.0000E+00  3.0000E+00  4.8000E+01  0.0000E+00  0.0000E+00  0.0000E+00  1.0000E+00  0.0000E+00  0.0000E+00
  1.5100E+02  2.9345E+02  1.0968E-02  4.5128E+00  0.0000E+00  4.8000E+01  0.0000E+00  0.0000E+00  1.0000E+00  2.2245E-04  0.0000E+00  0.0000E+00
  1.5200E+02  0.0000E+00  1.0000E+00  0.0000E+00  3.0000E+00  4.6000E+01  0.0000E+00  0.0000E+00  0.0000E+00  1.0000E+00  0.0000E+00  0.0000E+00
  1.5200E+02  4.8524E+01  6.6417E-01  4.0921E-01  0.0000E+00  4.6000E+01  0.0000E+00  0.0000E+00  1.0000E+00  7.3871E-03  0.0000E+00  0.0000E+00
  1.5300E+02  0.0000E+00  1.0000E+00  0.0000E+00  3.0000E+00  5.8000E+01  0.0000E+00  0.0000E+00  0.0000E+00  1.0000E+00  0.0000E+00  0.0000E+00
  1.5300E+02  7.1984E+01  4.4521E-01  8.0921E-01  0.0000E+00  5.8000E+01  0.0000E+00  0.0000E+00  1.0000E+00  6.6007E-03  0.0000E+00  0.0000E+00
  1.5400E+02  0.0000E+00  1.0000E+00  0.0000E+00  3.0000E+00  6.2000E+01  0.0000E+00  0.0000E+00  0.0000E+00  1.0000E+00  0.0000E+00  0.0000E+00
  1.5400E+02  1.5880E+01  8.9015E-01  1.1636E-01  0.0000E+00  6.2000E+01  0.0000E+00  0.0000E+00  1.0000E+00  8.6021E-03  0.0000E+00  0.0000E+00
  1.5500E+02  0.0000E+00  1.0000E+00  0.0000E+00  3.0000E+00  5.5000E+01  0.0000E+00  0.0000E+00  0.0000E+00  1.0000E+00  0.0000E+00  0.0000E+00
  1.5500E+02  7.1299E+00  9.6384E-01  3.6827E-02  0.0000E+00  5.5000E+01  0.0000E+00  0.0000E+00  1.0000E+00  6.5658E-03  0.0000E+00  0.0000E+00
  1.5600E+02  0.0000E+00  1.0000E+00  0.0000E+00  3.0000E+00  5.0000E+01  0.0000E+00  0.0000E+00  0.0000E+00  1.0000E+00  0.0000E+00  0.0000E+00
  1.5600E+02  1.3402E+01  9.2392E-01  7.9134E-02  0.0000E+00  5.0000E+01  0.0000E+00  0.0000E+00  1.0000E+00  7.1953E-03  0.0000E+00  0.0000E+00
  1.5700E+02  0.0000E+00  1.0000E+00  0.0000E+00  3.0000E+00  4.6000E+01  0.0000E+00  0.0000E+00  0.0000E+00  1.0000E+00  0.0000E+00  0.0000E+00
  1.5700E+02  4.3511E+01  7.0160E-01  3.5440E-01  0.0000E+00  4.6000E+01  0.0000E+00  0.0000E+00  1.0000E+00  7.5367E-03  0.0000E+00  0.0000E+00
  1.5800E+02  0.0000E+00  1.0000E+00  0.0000E+00  3.0000E+00  5.1000E+01  0.0000E+00  0.0000E+00  0.0000E+00  1.0000E+00  0.0000E+00  0.0000E+00
  1.5800E+02  2.6267E+01  8.2297E-01  1.9484E-01  0.0000E+00  5.1000E+01  0.0000E+00  0.0000E+00  1.0000E+00  8.0509E-03  0.0000E+00  0.0000E+00
  1.5900E+02  0.0000E+00  1.0000E+00  0.0000E+00  3.0000E+00  4.4000E+01  0.0000E+00  0.0000E+00  0.0000E+00  1.0000E+00  0.0000E+00  0.0000E+00
  1.5900E+02  4.6018E+01  6.8975E-01  3.7142E-01  0.0000E+00  4.4000E+01  0.0000E+00  0.0000E+00  1.0000E+00  7.3424E-03  0.0000E+00  0.0000E+00
  1.6000E+02  0.0000E+00  1.0000E+00  0.0000E+00  3.0000E+00  5.2000E+01  0.0000E+00  0.0000E+00  0.0000E+00  1.0000E+00  0.0000E+00  0.0000E+00
  1.6000E+02  1.1680E+02  2.4338E-01  1.4131E+00  0.0000E+00  5.2000E+01  0.0000E+00  0.0000E+00  1.0000E+00  3.8836E-03  0.0000E+00  0.0000E+00
  1.6100E+02  0.0000E+00  1.0000E+00  0.0000E+00  3.0000E+00  5.0000E+01  0.0000E+00  0.0000E+00  0.0000E+00  1.0000E+00  0.0000E+00  0.0000E+00
  1.6100E+02  1.2823E+02  2.1102E-01  1.5558E+00  0.0000E+00  5.0000E+01  0.0000E+00  0.0000E+00  1.0000E+00  3.3768E-03  0.0000E+00  0.0000E+00
  1.6200E+02  0.0000E+00  1.0000E+00  0.0000E+00  3.0000E+00  5.6000E+01  0.0000E+00  0.0000E+00  0.0000E+00  1.0000E+00  0.0000E+00  0.0000E+00
  1.6200E+02  2.9148E+01  7.8736E-01  2.3907E-01  0.0000E+00  5.6000E+01  0.0000E+00  0.0000E+00  1.0000E+00  8.5173E-03  0.0000E+00  0.0000E+00
  1.6300E+02  0.0000E+00  1.0000E+00  0.0000E+00  3.0000E+00  4.5000E+01  0.0000E+00  0.0000E+00  0.0000E+00  1.0000E+00  0.0000E+00  0.0000E+00
  1.6300E+02  3.9621E+02  1.5969E-03  6.4397E+00  0.0000E+00  4.5000E+01  0.0000E+00  0.0000E+00  1.0000E+00  3.4231E-05  0.0000E+00  0.0000E+00
  1.6400E+02  0.0000E+00  1.0000E+00  0.0000E+00  3.0000E+00  5.3000E+01  0.0000E+00  0.0000E+00  0.0000E+00  1.0000E+00  0.0000E+00  0.0000E+00
  1.6400E+02  6.2159E+01  5.3613E-01  6.2337E-01  0.0000E+00  5.3000E+01  0.0000E+00  0.0000E+00  1.0000E+00  7.0912E-03  0.0000E+00  0.0000E+00
  1.6500E+02  0.0000E+00  1.0000E+00  0.0000E+00  3.0000E+00  5.5000E+01  0.0000E+00  0.0000E+00  0.0000E+00  1.0000E+00  0.0000E+00  0.0000E+00
  1.6500E+02  8.6521E+01  3.7138E-01  9.9053E-01  0.0000E+00  5.5000E+01  0.0000E+00  0.0000E+00  1.0000E+00  5.6075E-03  0.0000E+00  0.0000E+00
  1.6600E+02  0.0000E+00  1.0000E+00  0.0000E+00  3.0000E+00  4.8000E+01  0.0000E+00  0.0000E+00  0.0000E+00  1.0000E+00  0.0000E+00  0.0000E+00
  1.6600E+02  1.7695E+02  9.8677E-02  2.3159E+00  0.0000E+00  4.8000E+01  0.0000E+00  0.0000E+00  1.0000E+00  1.7033E-03  0.0000E+00  0.0000E+00
  1.6700E+02  0.0000E+00  1.0000E+00  0.0000E+00  3.0000E+00  6.3000E+01  0.0000E+00  0.0000E+00  0.0000E+00  1.0000E+00  0.0000E+00  0.0000E+00
  1.6700E+02  6.1758E+01  4.9301E-01  7.0723E-01  0.0000E+00  6.3000E+01  0.0000E+00  0.0000E+00  1.0000E+00  7.4460E-03  0.0000E+00  0.0000E+00
  1.6800E+02  0.0000E+00  1.0000E+00  0.0000E+00  3.0000E+00  4.1000E+01  0.0000E+00  0.0000E+00  0.0000E+00  1.0000E+00  0.0000E+00  0.0000E+00
  1.6800E+02  4.2809E+01  7.2305E-01  3.2428E-01  0.0000E+00  4.1000E+01  0.0000E+00  0.0000E+00  1.0000E+00  7.2235E-03  0.0000E+00  0.0000E+00
  1.6900E+02  0.0000E+00  1.0000E+00  0.0000E+00  3.0000E+00  4.4000E+01  0.0000E+00  0.0000E+00  0.0000E+00  1.0000E+00  0.0000E+00  0.0000E+00
  1.6900E+02  5.4239E+01  6.3044E-01  4.6133E-01  0.0000E+00  4.4000E+01  0.0000E+00  0.0000E+00  1.0000E+00  7.0722E-03  0.0000E+00  0.0000E+00
  1.7000E+02  0.0000E+00  1.0000E+00  0.0000E+00  3.0000E+00  4.3000E+01  0.0000E+00  0.0000E+00  0.0000E+00  1.0000E+00  0.0000E+00  0.0000E+00
  1.7000E+02  7.4891E+01  4.9829E-01  6.9657E-01  0.0000E+00  4.3000E+01  0.0000E+00  0.0000E+00  1.0000E+00  6.1125E-03  0.0000E+00  0.0000E+00
  1.7100E+02  0.0000E+00  1.0000E+00  0.0000E+00  3.0000E+00  5.8000E+01  0.0000E+00  0.0000E+00  0.0000E+00  1.0000E+00  0.0000E+00  0.0000E+00
  1.7100E+02  4.5115E+01  6.4599E-01  4.3697E-01  0.0000E+00  5.8000E+01  0.0000E+00  0.0000E+00  1.0000E+00  8.2519E-03  0.0000E+00  0.0000E+00
  1.7200E+02  0.0000E+00  1.0000E+00  0.0000E+00  3.0000E+00  6.0000E+01  0.0000E+00  0.0000E+00  0.0000E+00  1.0000E+00  0.0000E+00  0.0000E+00
  1.7200E+02  7.2385E+01  4.3282E-01  8.3743E-01  0.0000E+00  6.0000E+01  0.0000E+00  0.0000E+00  1.0000E+00  6.6041E-03  0.0000E+00  0.0000E+00
  1.7300E+02  0.0000E+00  1.0000E+00  0.0000E+00  3.0000E+00  4.4000E+01  0.0000E+00  0.0000E+00  0.0000E+00  1.0000E+00  0.0000E+00  0.0000E+00
  1.7300E+02  1.4775E+01  9.2034E-01  8.3012E-02  0.0000E+00  4.4000E+01  0.0000E+00  0.0000E+00  1.0000E+00  6.8197E-03  0.0000E+00  0.0000E+00
  1.7400E+02  0.0000E+00  1.0000E+00  0.0000E+00  3.0000E+00  6.1000E+01  0.0000E+00  0.0000E+00  0.0000E+00  1.0000E+00  0.0000E+00  0.0000E+00
  1.7400E+02  8.4516E+01  3.5302E-01  1.0412E+00  0.0000E+00  6.1000E+01  0.0000E+00  0.0000E+00  1.0000E+00  5.7360E-03  0.0000E+00  0.0000E+00
  1.7500E+02  0.0000E+00  1.0000E+00  0.0000E+00  3.0000E+00  4.9000E+01  0.0000E+00  0.0000E+00  0.0000E+00  1.0000E+00  0.0000E+00  0.0000E+00
  1.7500E+02  4.7877E+00  9.8011E-01  2.0089E-02  0.0000E+00  4.9000E+01  0.0000E+00  0.0000E+00  1.0000E+00  5.4237E-03  0.0000E+00  0.0000E+00
  1.7600E+02  0.0000E+00  1.0000E+00  0.0000E+00  3.0000E+00  5.0000E+01  0.0000E+00  0.0000E+00  0.0000E+00  1.0000E+00  0.0000E+00  0.0000E+00
  1.7600E+02  6.6370E+01  5.2062E-01  6.5273E-01  0.0000E+00  5.0000E+01  0.0000E+00  0.0000E+00  1.0000E+00  6.7529E-03  0.0000E+00  0.0000E+00
  1.7700E+02  0.0000E+00  1.0000E+00  0.0000E+00  3.0000E+00  3.3000E+01  0.0000E+00  0.0000E+00  0.0000E+00  1.0000E+00  0.0000E+00  0.0000E+00
  1.7700E+02  4.4413E+01  7.3667E-01  3.0561E-01  0.0000E+00  3.3000E+01  0.0000E+00  0.0000E+00  1.0000E+00  6.6855E-03  0.0000E+00  0.0000E+00
  1.7800E+02  0.0000E+00  1.0000E+00  0.0000E+00  3.0000E+00  4.0000E+01  0.0000E+00  0.0000E+00  0.0000E+00  1.0000E+00  0.0000E+00  0.0000E+00
  1.7800E+02  9.3539E+01  4.0782E-01  8.9693E-01  0.0000E+00  4.0000E+01  0.0000E+00  0.0000E+00  1.0000E+00  5.1575E-03  0.0000E+00  0.0000E+00
  1.7900E+02  0.0000E+00  1.0000E+00  0.0000E+00  3.0000E+00  5.8000E+01  0.0000E+00  0.0000E+00  0.0000E+00  1.0000E+00  0.0000E+00  0.0000E+00
  1.7900E+02  1.5820E+01  8.9610E-01  1.0970E-01  0.0000E+00  5.8000E+01  0.0000E+00  0.0000E+00  1.0000E+00  8.1952E-03  0.0000E+00  0.0000E+00
  1.8000E+02  0.0000E+00  1.0000E+00  0.0000E+00  3.0000E+00  3.7000E+01  0.0000E+00  0.0000E+00  0.0000E+00  1.0000E+00  0.0000E+00  0.0000E+00
  1.8000E+02  1.2572E+02  2.8020E-01  1.2722E+00  0.0000E+00  3.7000E+01  0.0000E+00  0.0000E+00  1.0000E+00  3.7397E-03  0.0000E+00  0.0000E+00
  1.8100E+02  0.0000E+00  1.0000E+00  0.0000E+00  3.0000E+00  5.1000E+01  0.0000E+00  0.0000E+00  0.0000E+00  1.0000E+00  0.0000E+00  0.0000E+00
  1.8100E+02  1.1169E+02  2.6867E-01  1.3143E+00  0.0000E+00  5.1000E+01  0.0000E+00  0.0000E+00  1.0000E+00  4.1697E-03  0.0000E+00  0.0000E+00
  1.8200E+02  0.0000E+00  1.0000E+00  0.0000E+00  3.0000E+00  5.1000E+01  0.0000E+00  0.0000E+00  0.0000E+00  1.0000E+00  0.0000E+00  0.0000E+00
  1.8200E+02  2.0753E+02  5.1016E-02  2.9756E+00  0.0000E+00  5.1000E+01  0.0000E+00  0.0000E+00  1.0000E+00  9.6473E-04  0.0000E+00  0.0000E+00
  1.8300E+02  0.0000E+00  1.0000E+00  0.0000E+00  3.0000E+00  5.4000E+01  0.0000E+00  0.0000E+00  0.0000E+00  1.0000E+00  0.0000E+00  0.0000E+00
  1.8300E+02  3.2602E+00  9.8714E-01  1.2945E-02  0.0000E+00  5.4000E+01  0.0000E+00  0.0000E+00  1.0000E+00  5.1694E-03  0.0000E+00  0.0000E+00
  1.8400E+02  0.0000E+00  1.0000E+00  0.0000E+00  3.0000E+00  5.1000E+01  0.0000E+00  0.0000E+00  0.0000E+00  1.0000E+00  0.0000E+00  0.0000E+00
  1.8400E+02  7.2686E+01  4.7433E-01  7.4586E-01  0.0000E+00  5.1000E+01  0.0000E+00  0.0000E+00  1.0000E+00  6.4193E-03  0.0000E+00  0.0000E+00
  1.8500E+02  0.0000E+00  1.0000E+00  0.0000E+00  3.0000E+00  5.6000E+01  0.0000E+00  0.0000E+00  0.0000E+00  1.0000E+00  0.0000E+00  0.0000E+00
  1.8500E+02  6.5968E+01  4.9556E-01  7.0206E-01  0.0000E+00  5.6000E+01  0.0000E+00  0.0000E+00  1.0000E+00  6.9557E-03  0.0000E+00  0.0000E+00
  1.8600E+02  0.0000E+00  1.0000E+00  0.0000E+00  3.0000E+00  5.4000E+01  0.0000E+00  0.0000E+00  0.0000E+00  1.0000E+00  0.0000E+00  0.0000E+00
  1.8600E+02  1.2973E+02  1.8874E-01  1.6674E+00  0.0000E+00  5.4000E+01  0.0000E+00  0.0000E+00  1.0000E+00  3.1993E-03  0.0000E+00  0.0000E+00
  1.8700E+02  0.0000E+00  1.0000E+00  0.0000E+00  3.0000E+00  3.1000E+01  0.0000E+00  0.0000E+00  0.0000E+00  1.0000E+00  0.0000E+00  0.0000E+00
  1.8700E+02  4.2809E+01  7.5322E-01  2.8340E-01  0.0000E+00  3.1000E+01  0.0000E+00  0.0000E+00  1.0000E+00  6.5763E-03  0.0000E+00  0.0000E+00
  1.8800E+02  0.0000E+00  1.0000E+00  0.0000E+00  3.0000E+00  5.9000E+01  0.0000E+00  0.0000E+00  0.0000E+00  1.0000E+00  0.0000E+00  0.0000E+00
  1.8800E+02  1.7936E+01  8.7704E-01  1.3121E-01  0.0000E+00  5.9000E+01  0.0000E+00  0.0000E+00  1.0000E+00  8.4617E-03  0.0000E+00  0.0000E+00
  1.8900E+02  0.0000E+00  1.0000E+00  0.0000E+00  3.0000E+00  5.3000E+01  0.0000E+00  0.0000E+00  0.0000E+00  1.0000E+00  0.0000E+00  0.0000E+00
  1.8900E+02  6.5267E+01  5.1437E-01  6.6481E-01  0.0000E+00  5.3000E+01  0.0000E+00  0.0000E+00  1.0000E+00  6.9101E-03  0.0000E+00  0.0000E+00
  1.9000E+02  0.0000E+00  1.0000E+00  0.0000E+00  3.0000E+00  5.2000E+01  0.0000E+00  0.0000E+00  0.0000E+00  1.0000E+00  0.0000E+00  0.0000E+00
  1.9000E+02  7.6094E+01  4.4795E-01  8.0308E-01  0.0000E+00  5.2000E+01  0.0000E+00  0.0000E+00  1.0000E+00  6.2350E-03  0.0000E+00  0.0000E+00
  1.9100E+02  0.0000E+00  1.0000E+00  0.0000E+00  3.0000E+00  5.7000E+01  0.0000E+00  0.0000E+00  0.0000E+00  1.0000E+00  0.0000E+00  0.0000E+00
  1.9100E+02  1.5439E+02  1.1258E-01  2.1841E+00  0.0000E+00  5.7000E+01  0.0000E+00  0.0000E+00  1.0000E+00  2.1004E-03  0.0000E+00  0.0000E+00
  1.9200E+02  0.0000E+00  1.0000E+00  0.0000E+00  3.0000E+00  4.4000E+01  0.0000E+00  0.0000E+00  0.0000E+00  1.0000E+00  0.0000E+00  0.0000E+00
  1.9200E+02  1.8227E+02  1.0211E-01  2.2817E+00  0.0000E+00  4.4000E+01  0.0000E+00  0.0000E+00  1.0000E+00  1.6859E-03  0.0000E+00  0.0000E+00
  1.9300E+02  0.0000E+00  1.0000E+00  0.0000E+00  3.0000E+00  5.1000E+01  0.0000E+00  0.0000E+00  0.0000E+00  1.0000E+00  0.0000E+00  0.0000E+00
  1.9300E+02  6.3262E+01  5.3739E-01  6.2104E-01  0.0000E+00  5.1000E+01  0.0000E+00  0.0000E+00  1.0000E+00  6.9577E-03  0.0000E+00  0.0000E+00
  1.9400E+02  0.0000E+00  1.0000E+00  0.0000E+00  3.0000E+00  4.6000E+01  0.0000E+00  0.0000E+00  0.0000E+00  1.0000E+00  0.0000E+00  0.0000E+00
  1.9400E+02  7.6596E+01  4.7371E-01  7.4715E-01  0.0000E+00  4.6000E+01  0.0000E+00  0.0000E+00  1.0000E+00  6.0943E-03  0.0000E+00  0.0000E+00
  1.9500E+02  0.0000E+00  1.0000E+00  0.0000E+00  3.0000E+00  4.5000E+01  0.0000E+00  0.0000E+00  0.0000E+00  1.0000E+00  0.0000E+00  0.0000E+00
  1.9500E+02  1.7575E+02  1.1033E-01  2.2042E+00  0.0000E+00  4.5000E+01  0.0000E+00  0.0000E+00  1.0000E+00  1.8251E-03  0.0000E+00  0.0000E+00
  1.9600E+02  0.0000E+00  1.0000E+00  0.0000E+00  3.0000E+00  4.8000E+01  0.0000E+00  0.0000E+00  0.0000E+00  1.0000E+00  0.0000E+00  0.0000E+00
  1.9600E+02  5.2033E+01  6.3069E-01  4.6094E-01  0.0000E+00  4.8000E+01  0.0000E+00  0.0000E+00  1.0000E+00  7.3686E-03  0.0000E+00  0.0000E+00
  1.9700E+02  0.0000E+00  1.0000E+00  0.0000E+00  3.0000E+00  5.3000E+01  0.0000E+00  0.0000E+00  0.0000E+00  1.0000E+00  0.0000E+00  0.0000E+00
  1.9700E+02  3.2565E+01  7.6663E-01  2.6575E-01  0.0000E+00  5.3000E+01  0.0000E+00  0.0000E+00  1.0000E+00  8.2511E-03  0.0000E+00  0.0000E+00
  1.9800E+02  0.0000E+00  1.0000E+00  0.0000E+00  3.0000E+00  5.4000E+01  0.0000E+00  0.0000E+00  0.0000E+00  1.0000E+00  0.0000E+00  0.0000E+00
  1.9800E+02  5.0028E+01  6.2219E-01  4.7451E-01  0.0000E+00  5.4000E+01  0.0000E+00  0.0000E+00  1.0000E+00  7.7832E-03  0.0000E+00  0.0000E+00
  1.9900E+02  0.0000E+00  1.0000E+00  0.0000E+00  3.0000E+00  6.1000E+01  0.0000E+00  0.0000E+00  0.0000E+00  1.0000E+00  0.0000E+00  0.0000E+00
  1.9900E+02  5.7948E+01  5.3101E-01  6.3297E-01  0.0000E+00  6.1000E+01  0.0000E+00  0.0000E+00  1.0000E+00  7.6498E-03  0.0000E+00  0.0000E+00
  2.0000E+02  0.0000E+00  1.0000E+00  0.0000E+00  3.0000E+00  5.5000E+01  0.0000E+00  0.0000E+00  0.0000E+00  1.0000E+00  0.0000E+00  0.0000E+00
  2.0000E+02  3.3972E+01  7.4926E-01  2.8867E-01  0.0000E+00  5.5000E+01  0.0000E+00  0.0000E+00  1.0000E+00  8.3969E-03  0.0000E+00  0.0000E+00
  2.0100E+02  0.0000E+00  1.0000E+00  0.0000E+00  3.0000E+00  4.6000E+01  0.0000E+00  0.0000E+00  0.0000E+00  1.0000E+00  0.0000E+00  0.0000E+00
  2.0100E+02  1.9590E+02  7.5925E-02  2.5780E+00  0.0000E+00  4.6000E+01  0.0000E+00  0.0000E+00  1.0000E+00  1.3178E-03  0.0000E+00  0.0000E+00
  2.0200E+02  0.0000E+00  1.0000E+00  0.0000E+00  3.0000E+00  4.6000E+01  0.0000E+00  0.0000E+00  0.0000E+00  1.0000E+00  0.0000E+00  0.0000E+00
  2.0200E+02  2.7941E+01  8.2069E-01  1.9761E-01  0.0000E+00  4.6000E+01  0.0000E+00  0.0000E+00  1.0000E+00  7.6548E-03  0.0000E+00  0.0000E+00
  2.0300E+02  0.0000E+00  1.0000E+00  0.0000E+00  3.0000E+00  5.9000E+01  0.0000E+00  0.0000E+00  0.0000E+00  1.0000E+00  0.0000E+00  0.0000E+00
  2.0300E+02  1.6322E+02  8.9419E-02  2.4144E+00  0.0000E+00  5.9000E+01  0.0000E+00  0.0000E+00  1.0000E+00  1.7445E-03  0.0000E+00  0.0000E+00
  2.0400E+02  0.0000E+00  1.0000E+00  0.0000E+00  3.0000E+00  5.1000E+01  0.0000E+00  0.0000E+00  0.0000E+00  1.0000E+00  0.0000E+00  0.0000E+00
  2.0400E+02  5.5041E+01  5.9638E-01  5.1687E-01  0.0000E+00  5.1000E+01  0.0000E+00  0.0000E+00  1.0000E+00  7.3863E-03  0.0000E+00  0.0000E+00
  2.0500E+02  0.0000E+00  1.0000E+00  0.0000E+00  3.0000E+00  5.5000E+01  0.0000E+00  0.0000E+00  0.0000E+00  1.0000E+00  0.0000E+00  0.0000E+00
  2.0500E+02  1.9891E+02  5.1330E-02  2.9695E+00  0.0000E+00  5.5000E+01  0.0000E+00  0.0000E+00  1.0000E+00  1.0107E-03  0.0000E+00  0.0000E+00
  2.0600E+02  0.0000E+00  1.0000E+00  0.0000E+00  3.0000E+00  5.6000E+01  0.0000E+00  0.0000E+00  0.0000E+00  1.0000E+00  0.0000E+00  0.0000E+00
  2.0600E+02  1.0597E+02  2.6934E-01  1.3118E+00  0.0000E+00  5.6000E+01  0.0000E+00  0.0000E+00  1.0000E+00  4.3972E-03  0.0000E+00  0.0000E+00
  2.0700E+02  0.0000E+00  1.0000E+00  0.0000E+00  3.0000E+00  4.4000E+01  0.0000E+00  0.0000E+00  0.0000E+00  1.0000E+00  0.0000E+00  0.0000E+00
  2.0700E+02  1.3815E+02  2.0531E-01  1.5832E+00  0.0000E+00  4.4000E+01  0.0000E+00  0.0000E+00  1.0000E+00  3.1031E-03  0.0000E+00  0.0000E+00
  2.0800E+02  0.0000E+00  1.0000E+00  0.0000E+00  3.0000E+00  4.6000E+01  0.0000E+00  0.0000E+00  0.0000E+00  1.0000E+00  0.0000E+00  0.0000E+00
  2.0800E+02  2.0372E+02  6.6232E-02  2.7146E+00  0.0000E+00  4.6000E+01  0.0000E+00  0.0000E+00  1.0000E+00  1.1640E-03  0.0000E+00  0.0000E+00
  2.0900E+02  0.0000E+00  1.0000E+00  0.0000E+00  3.0000E+00  6.2000E+01  0.0000E+00  0.0000E+00  0.0000E+00  1.0000E+00  0.0000E+00  0.0000E+00
  2.0900E+02  1.7224E+02  6.7279E-02  2.6989E+00  0.0000E+00  6.2000E+01  0.0000E+00  0.0000E+00  1.0000E+00  1.3904E-03  0.0000E+00  0.0000E+00
  2.1000E+02  0.0000E+00  1.0000E+00  0.0000E+00  3.0000E+00  3.6000E+01  0.0000E+00  0.0000E+00  0.0000E+00  1.0000E+00  0.0000E+00  0.0000E+00
  2.1000E+02  2.7199E+02  3.1016E-02  3.4733E+00  0.0000E+00  3.6000E+01  0.0000E+00  0.0000E+00  1.0000E+00  5.2235E-04  0.0000E+00  0.0000E+00
  2.1100E+02  0.0000E+00  1.0000E+00  0.0000E+00  3.0000E+00  4.1000E+01  0.0000E+00  0.0000E+00  0.0000E+00  1.0000E+00  0.0000E+00  0.0000E+00
  2.1100E+02  5.3989E+00  9.7909E-01  2.1132E-02  0.0000E+00  4.1000E+01  0.0000E+00  0.0000E+00  1.0000E+00  5.0543E-03  0.0000E+00  0.0000E+00
  2.1200E+02  0.0000E+00  1.0000E+00  0.0000E+00  3.0000E+00  4.4000E+01  0.0000E+00  0.0000E+00  0.0000E+00  1.0000E+00  0.0000E+00  0.0000E+00
  2.1200E+02  1.0216E+02  3.4530E-01  1.0633E+00  0.0000E+00  4.4000E+01  0.0000E+00  0.0000E+00  1.0000E+00  4.7401E-03  0.0000E+00  0.0000E+00
  2.1300E+02  0.0000E+00  1.0000E+00  0.0000E+00  3.0000E+00  4.2000E+01  0.0000E+00  0.0000E+00  0.0000E+00  1.0000E+00  0.0000E+00  0.0000E+00
  2.1300E+02  2.2313E+01  8.7008E-01  1.3917E-01  0.0000E+00  4.2000E+01  0.0000E+00  0.0000E+00  1.0000E+00  7.1574E-03  0.0000E+00  0.0000E+00
  2.1400E+02  0.0000E+00  1.0000E+00  0.0000E+00  3.0000E+00  5.0000E+01  0.0000E+00  0.0000E+00  0.0000E+00  1.0000E+00  0.0000E+00  0.0000E+00
  2.1400E+02  2.2558E+01  8.5448E-01  1.5726E-01  0.0000E+00  5.0000E+01  0.0000E+00  0.0000E+00  1.0000E+00  7.8565E-03  0.0000E+00  0.0000E+00
  2.1500E+02  0.0000E+00  1.0000E+00  0.0000E+00  3.0000E+00  5.3000E+01  0.0000E+00  0.0000E+00  0.0000E+00  1.0000E+00  0.0000E+00  0.0000E+00
  2.1500E+02  8.0305E+01  4.1732E-01  8.7390E-01  0.0000E+00  5.3000E+01  0.0000E+00  0.0000E+00  1.0000E+00  5.9895E-03  0.0000E+00  0.0000E+00
  2.1600E+02  0.0000E+00  1.0000E+00  0.0000E+00  3.0000E+00  5.6000E+01  0.0000E+00  0.0000E+00  0.0000E+00  1.0000E+00  0.0000E+00  0.0000E+00
  2.1600E+02  9.1667E+00  9.4934E-01  5.1992E-02  0.0000E+00  5.6000E+01  0.0000E+00  0.0000E+00  1.0000E+00  7.1015E-03  0.0000E+00  0.0000E+00
  2.1700E+02  0.0000E+00  1.0000E+00  0.0000E+00  3.0000E+00  4.6000E+01  0.0000E+00  0.0000E+00  0.0000E+00  1.0000E+00  0.0000E+00  0.0000E+00
  2.1700E+02  1.3885E+02  1.9449E-01  1.6374E+00  0.0000E+00  4.6000E+01  0.0000E+00  0.0000E+00  1.0000E+00  3.0247E-03  0.0000E+00  0.0000E+00
  2.1800E+02  0.0000E+00  1.0000E+00  0.0000E+00  3.0000E+00  5.3000E+01  0.0000E+00  0.0000E+00  0.0000E+00  1.0000E+00  0.0000E+00  0.0000E+00
  2.1800E+02  1.9246E+01  8.7564E-01  1.3281E-01  0.0000E+00  5.3000E+01  0.0000E+00  0.0000E+00  1.0000E+00  7.9691E-03  0.0000E+00  0.0000E+00
  2.1900E+02  0.0000E+00  1.0000E+00  0.0000E+00  3.0000E+00  4.1000E+01  0.0000E+00  0.0000E+00  0.0000E+00  1.0000E+00  0.0000E+00  0.0000E+00
  2.1900E+02  1.1068E+02  3.2141E-01  1.1350E+00  0.0000E+00  4.1000E+01  0.0000E+00  0.0000E+00  1.0000E+00  4.3470E-03  0.0000E+00  0.0000E+00
  2.2000E+02  0.0000E+00  1.0000E+00  0.0000E+00  3.0000E+00  4.9000E+01  0.0000E+00  0.0000E+00  0.0000E+00  1.0000E+00  0.0000E+00  0.0000E+00
  2.2000E+02  1.1349E+02  2.7072E-01  1.3067E+00  0.0000E+00  4.9000E+01  0.0000E+00  0.0000E+00  1.0000E+00  4.1108E-03  0.0000E+00  0.0000E+00
  2.2100E+02  0.0000E+00  1.0000E+00  0.0000E+00  3.0000E+00  5.4000E+01  0.0000E+00  0.0000E+00  0.0000E+00  1.0000E+00  0.0000E+00  0.0000E+00
  2.2100E+02  3.4273E+01  7.4965E-01  2.8815E-01  0.0000E+00  5.4000E+01  0.0000E+00  0.0000E+00  1.0000E+00  8.3122E-03  0.0000E+00  0.0000E+00
  2.2200E+02  0.0000E+00  1.0000E+00  0.0000E+00  3.0000E+00  5.3000E+01  0.0000E+00  0.0000E+00  0.0000E+00  1.0000E+00  0.0000E+00  0.0000E+00
  2.2200E+02  9.7777E+00  9.4708E-01  5.4369E-02  0.0000E+00  5.3000E+01  0.0000E+00  0.0000E+00  1.0000E+00  6.9454E-03  0.0000E+00  0.0000E+00
  2.2300E+02  0.0000E+00  1.0000E+00  0.0000E+00  3.0000E+00  4.0000E+01  0.0000E+00  0.0000E+00  0.0000E+00  1.0000E+00  0.0000E+00  0.0000E+00
  2.2300E+02  4.3210E+01  7.2333E-01  3.2390E-01  0.0000E+00  4.0000E+01  0.0000E+00  0.0000E+00  1.0000E+00  7.1508E-03  0.0000E+00  0.0000E+00
  2.2400E+02  0.0000E+00  1.0000E+00  0.0000E+00  3.0000E+00  4.7000E+01  0.0000E+00  0.0000E+00  0.0000E+00  1.0000E+00  0.0000E+00  0.0000E+00
  2.2400E+02  1.0477E+02  3.1835E-01  1.1446E+00  0.0000E+00  4.7000E+01  0.0000E+00  0.0000E+00  1.0000E+00  4.5871E-03  0.0000E+00  0.0000E+00
  2.2500E+02  0.0000E+00  1.0000E+00  0.0000E+00  3.0000E+00  4.6000E+01  0.0000E+00  0.0000E+00  0.0000E+00  1.0000E+00  0.0000E+00  0.0000E+00
  2.2500E+02  1.3875E+02  1.9479E-01  1.6358E+00  0.0000E+00  4.6000E+01  0.0000E+00  0.0000E+00  1.0000E+00  3.0288E-03  0.0000E+00  0.0000E+00
  2.2600E+02  0.0000E+00  1.0000E+00  0.0000E+00  3.0000E+00  5.7000E+01  0.0000E+00  0.0000E+00  0.0000E+00  1.0000E+00  0.0000E+00  0.0000E+00
  2.2600E+02  6.1115E+00  9.6960E-01  3.0874E-02  0.0000E+00  5.7000E+01  0.0000E+00  0.0000E+00  1.0000E+00  6.4600E-03  0.0000E+00  0.0000E+00
  2.2700E+02  0.0000E+00  1.0000E+00  0.0000E+00  3.0000E+00  5.0000E+01  0.0000E+00  0.0000E+00  0.0000E+00  1.0000E+00  0.0000E+00  0.0000E+00
  2.2700E+02  7.4089E+01  4.7016E-01  7.5468E-01  0.0000E+00  5.0000E+01  0.0000E+00  0.0000E+00  1.0000E+00  6.3162E-03  0.0000E+00  0.0000E+00
  2.2800E+02  0.0000E+00  1.0000E+00  0.0000E+00  3.0000E+00  5.2000E+01  0.0000E+00  0.0000E+00  0.0000E+00  1.0000E+00  0.0000E+00  0.0000E+00
  2.2800E+02  7.8428E+00  9.6069E-01  4.0104E-02  0.0000E+00  5.2000E+01  0.0000E+00  0.0000E+00  1.0000E+00  6.4790E-03  0.0000E+00  0.0000E+00
  2.2900E+02  0.0000E+00  1.0000E+00  0.0000E+00  3.0000E+00  4.2000E+01  0.0000E+00  0.0000E+00  0.0000E+00  1.0000E+00  0.0000E+00  0.0000E+00
  2.2900E+02  3.1258E+01  8.0486E-01  2.1709E-01  0.0000E+00  4.2000E+01  0.0000E+00  0.0000E+00  1.0000E+00  7.3723E-03  0.0000E+00  0.0000E+00
  2.3000E+02  0.0000E+00  1.0000E+00  0.0000E+00  3.0000E+00  5.3000E+01  0.0000E+00  0.0000E+00  0.0000E+00  1.0000E+00  0.0000E+00  0.0000E+00
  2.3000E+02  1.3394E+02  1.7981E-01  1.7158E+00  0.0000E+00  5.3000E+01  0.0000E+00  0.0000E+00  1.0000E+00  3.0379E-03  0.0000E+00  0.0000E+00
  2.3100E+02  0.0000E+00  1.0000E+00  0.0000E+00  3.0000E+00  4.0000E+01  0.0000E+00  0.0000E+00  0.0000E+00  1.0000E+00  0.0000E+00  0.0000E+00
  2.3100E+02  1.2722E+02  2.6037E-01  1.3457E+00  0.0000E+00  4.0000E+01  0.0000E+00  0.0000E+00  1.0000E+00  3.6321E-03  0.0000E+00  0.0000E+00
  2.3200E+02  0.0000E+00  1.0000E+00  0.0000E+00  3.0000E+00  5.1000E+01  0.0000E+00  0.0000E+00  0.0000E+00  1.0000E+00  0.0000E+00  0.0000E+00
  2.3200E+02  1.4407E+02  1.5902E-01  1.8387E+00  0.0000E+00  5.1000E+01  0.0000E+00  0.0000E+00  1.0000E+00  2.6767E-03  0.0000E+00  0.0000E+00
  2.3300E+02  0.0000E+00  1.0000E+00  0.0000E+00  3.0000E+00  5.0000E+01  0.0000E+00  0.0000E+00  0.0000E+00  1.0000E+00  0.0000E+00  0.0000E+00
  2.3300E+02  7.1300E+00  9.6616E-01  3.4428E-02  0.0000E+00  5.0000E+01  0.0000E+00  0.0000E+00  1.0000E+00  6.1528E-03  0.0000E+00  0.0000E+00
  2.3400E+02  0.0000E+00  1.0000E+00  0.0000E+00  3.0000E+00  5.8000E+01  0.0000E+00  0.0000E+00  0.0000E+00  1.0000E+00  0.0000E+00  0.0000E+00
  2.3400E+02  3.4977E+01  7.3172E-01  3.1236E-01  0.0000E+00  5.8000E+01  0.0000E+00  0.0000E+00  1.0000E+00  8.6183E-03  0.0000E+00  0.0000E+00
  2.3500E+02  0.0000E+00  1.0000E+00  0.0000E+00  3.0000E+00  4.8000E+01  0.0000E+00  0.0000E+00  0.0000E+00  1.0000E+00  0.0000E+00  0.0000E+00
  2.3500E+02  2.7883E+00  9.9033E-01  9.7149E-03  0.0000E+00  4.8000E+01  0.0000E+00  0.0000E+00  1.0000E+00  4.5507E-03  0.0000E+00  0.0000E+00
  2.3600E+02  0.0000E+00  1.0000E+00  0.0000E+00  3.0000E+00  6.0000E+01  0.0000E+00  0.0000E+00  0.0000E+00  1.0000E+00  0.0000E+00  0.0000E+00
  2.3600E+02  3.4977E+01  7.2550E-01  3.2090E-01  0.0000E+00  6.0000E+01  0.0000E+00  0.0000E+00  1.0000E+00  8.7785E-03  0.0000E+00  0.0000E+00
  2.3700E+02  0.0000E+00  1.0000E+00  0.0000E+00  3.0000E+00  4.9000E+01  0.0000E+00  0.0000E+00  0.0000E+00  1.0000E+00  0.0000E+00  0.0000E+00
  2.3700E+02  6.4765E+01  5.3604E-01  6.2355E-01  0.0000E+00  4.9000E+01  0.0000E+00  0.0000E+00  1.0000E+00  6.8065E-03  0.0000E+00  0.0000E+00
  2.3800E+02  0.0000E+00  1.0000E+00  0.0000E+00  3.0000E+00  4.0000E+01  0.0000E+00  0.0000E+00  0.0000E+00  1.0000E+00  0.0000E+00  0.0000E+00
  2.3800E+02  1.7685E+02  1.2522E-01  2.0777E+00  0.0000E+00  4.0000E+01  0.0000E+00  0.0000E+00  1.0000E+00  1.9402E-03  0.0000E+00  0.0000E+00
  2.3900E+02  0.0000E+00  1.0000E+00  0.0000E+00  3.0000E+00  5.1000E+01  0.0000E+00  0.0000E+00  0.0000E+00  1.0000E+00  0.0000E+00  0.0000E+00
  2.3900E+02  9.5444E+01  3.4361E-01  1.0683E+00  0.0000E+00  5.1000E+01  0.0000E+00  0.0000E+00  1.0000E+00  5.0722E-03  0.0000E+00  0.0000E+00
  2.4000E+02  0.0000E+00  1.0000E+00  0.0000E+00  3.0000E+00  4.1000E+01  0.0000E+00  0.0000E+00  0.0000E+00  1.0000E+00  0.0000E+00  0.0000E+00
  2.4000E+02  2.2528E+02  5.5150E-02  2.8977E+00  0.0000E+00  4.1000E+01  0.0000E+00  0.0000E+00  1.0000E+00  9.3560E-04  0.0000E+00  0.0000E+00
  2.4100E+02  0.0000E+00  1.0000E+00  0.0000E+00  3.0000E+00  4.8000E+01  0.0000E+00  0.0000E+00  0.0000E+00  1.0000E+00  0.0000E+00  0.0000E+00
  2.4100E+02  3.3369E+01  7.7371E-01  2.5656E-01  0.0000E+00  4.8000E+01  0.0000E+00  0.0000E+00  1.0000E+00  7.8455E-03  0.0000E+00  0.0000E+00
  2.4200E+02  0.0000E+00  1.0000E+00  0.0000E+00  3.0000E+00  6.1000E+01  0.0000E+00  0.0000E+00  0.0000E+00  1.0000E+00  0.0000E+00  0.0000E+00
  2.4200E+02  8.9128E+01  3.2732E-01  1.1168E+00  0.0000E+00  6.1000E+01  0.0000E+00  0.0000E+00  1.0000E+00  5.4093E-03  0.0000E+00  0.0000E+00
  2.4300E+02  0.0000E+00  1.0000E+00  0.0000E+00  3.0000E+00  4.0000E+01  0.0000E+00  0.0000E+00  0.0000E+00  1.0000E+00  0.0000E+00  0.0000E+00
  2.4300E+02  3.8920E+00  9.8655E-01  1.3541E-02  0.0000E+00  4.0000E+01  0.0000E+00  0.0000E+00  1.0000E+00  4.5268E-03  0.0000E+00  0.0000E+00
  2.4400E+02  0.0000E+00  1.0000E+00  0.0000E+00  3.0000E+00  5.5000E+01  0.0000E+00  0.0000E+00  0.0000E+00  1.0000E+00  0.0000E+00  0.0000E+00
  2.4400E+02  1.1469E+02  2.3775E-01  1.4365E+00  0.0000E+00  5.5000E+01  0.0000E+00  0.0000E+00  1.0000E+00  3.9274E-03  0.0000E+00  0.0000E+00
  2.4500E+02  0.0000E+00  1.0000E+00  0.0000E+00  3.0000E+00  4.3000E+01  0.0000E+00  0.0000E+00  0.0000E+00  1.0000E+00  0.0000E+00  0.0000E+00
  2.4500E+02  1.1580E+02  2.9008E-01  1.2376E+00  0.0000E+00  4.3000E+01  0.0000E+00  0.0000E+00  1.0000E+00  4.0889E-03  0.0000E+00  0.0000E+00
  2.4600E+02  0.0000E+00  1.0000E+00  0.0000E+00  3.0000E+00  4.3000E+01  0.0000E+00  0.0000E+00  0.0000E+00  1.0000E+00  0.0000E+00  0.0000E+00
  2.4600E+02  1.8327E+02  1.0357E-01  2.2675E+00  0.0000E+00  4.3000E+01  0.0000E+00  0.0000E+00  1.0000E+00  1.6900E-03  0.0000E+00  0.0000E+00
  2.4700E+02  0.0000E+00  1.0000E+00  0.0000E+00  3.0000E+00  4.7000E+01  0.0000E+00  0.0000E+00  0.0000E+00  1.0000E+00  0.0000E+00  0.0000E+00
  2.4700E+02  4.4915E+01  6.8759E-01  3.7457E-01  0.0000E+00  4.7000E+01  0.0000E+00  0.0000E+00  1.0000E+00  7.5626E-03  0.0000E+00  0.0000E+00
  2.4800E+02  0.0000E+00  1.0000E+00  0.0000E+00  3.0000E+00  4.7000E+01  0.0000E+00  0.0000E+00  0.0000E+00  1.0000E+00  0.0000E+00  0.0000E+00
  2.4800E+02  2.9952E+01  8.0292E-01  2.1951E-01  0.0000E+00  4.7000E+01  0.0000E+00  0.0000E+00  1.0000E+00  7.7607E-03  0.0000E+00  0.0000E+00
  2.4900E+02  0.0000E+00  1.0000E+00  0.0000E+00  3.0000E+00  5.2000E+01  0.0000E+00  0.0000E+00  0.0000E+00  1.0000E+00  0.0000E+00  0.0000E+00
  2.4900E+02  4.6519E+01  6.5728E-01  4.1965E-01  0.0000E+00  5.2000E+01  0.0000E+00  0.0000E+00  1.0000E+00  7.8200E-03  0.0000E+00  0.0000E+00
  2.5000E+02  0.0000E+00  1.0000E+00  0.0000E+00  3.0000E+00  4.3000E+01  0.0000E+00  0.0000E+00  0.0000E+00  1.0000E+00  0.0000E+00  0.0000E+00
  2.5000E+02  8.1608E+01  4.5835E-01  7.8012E-01  0.0000E+00  4.3000E+01  0.0000E+00  0.0000E+00  1.0000E+00  5.7787E-03  0.0000E+00  0.0000E+00
  2.5100E+02  0.0000E+00  1.0000E+00  0.0000E+00  3.0000E+00  6.7000E+01  0.0000E+00  0.0000E+00  0.0000E+00  1.0000E+00  0.0000E+00  0.0000E+00
  2.5100E+02  2.7169E+01  7.7668E-01  2.5272E-01  0.0000E+00  6.7000E+01  0.0000E+00  0.0000E+00  1.0000E+00  9.5282E-03  0.0000E+00  0.0000E+00
  2.5200E+02  0.0000E+00  1.0000E+00  0.0000E+00  3.0000E+00  5.7000E+01  0.0000E+00  0.0000E+00  0.0000E+00  1.0000E+00  0.0000E+00  0.0000E+00
  2.5200E+02  1.4778E+02  1.2726E-01  2.0615E+00  0.0000E+00  5.7000E+01  0.0000E+00  0.0000E+00  1.0000E+00  2.3414E-03  0.0000E+00  0.0000E+00
  2.5300E+02  0.0000E+00  1.0000E+00  0.0000E+00  3.0000E+00  4.5000E+01  0.0000E+00  0.0000E+00  0.0000E+00  1.0000E+00  0.0000E+00  0.0000E+00
  2.5300E+02  2.0733E+02  6.4505E-02  2.7410E+00  0.0000E+00  4.5000E+01  0.0000E+00  0.0000E+00  1.0000E+00  1.1247E-03  0.0000E+00  0.0000E+00
  2.5400E+02  0.0000E+00  1.0000E+00  0.0000E+00  3.0000E+00  4.6000E+01  0.0000E+00  0.0000E+00  0.0000E+00  1.0000E+00  0.0000E+00  0.0000E+00
  2.5400E+02  8.9829E+01  3.9775E-01  9.2192E-01  0.0000E+00  4.6000E+01  0.0000E+00  0.0000E+00  1.0000E+00  5.3838E-03  0.0000E+00  0.0000E+00
  2.5500E+02  0.0000E+00  1.0000E+00  0.0000E+00  3.0000E+00  5.5000E+01  0.0000E+00  0.0000E+00  0.0000E+00  1.0000E+00  0.0000E+00  0.0000E+00
  2.5500E+02  1.8096E+02  7.2707E-02  2.6213E+00  0.0000E+00  5.5000E+01  0.0000E+00  0.0000E+00  1.0000E+00  1.3890E-03  0.0000E+00  0.0000E+00
  2.5600E+02  0.0000E+00  1.0000E+00  0.0000E+00  3.0000E+00  4.2000E+01  0.0000E+00  0.0000E+00  0.0000E+00  1.0000E+00  0.0000E+00  0.0000E+00
  2.5600E+02  3.6786E+01  7.6407E-01  2.6910E-01  0.0000E+00  4.2000E+01  0.0000E+00  0.0000E+00  1.0000E+00  7.3716E-03  0.0000E+00  0.0000E+00
  2.5700E+02  0.0000E+00  1.0000E+00  0.0000E+00  3.0000E+00  5.0000E+01  0.0000E+00  0.0000E+00  0.0000E+00  1.0000E+00  0.0000E+00  0.0000E+00
  2.5700E+02  3.4989E+01  7.5535E-01  2.8057E-01  0.0000E+00  5.0000E+01  0.0000E+00  0.0000E+00  1.0000E+00  7.9884E-03  0.0000E+00  0.0000E+00
  2.5800E+02  0.0000E+00  1.0000E+00  0.0000E+00  3.0000E+00  5.1000E+01  0.0000E+00  0.0000E+00  0.0000E+00  1.0000E+00  0.0000E+00  0.0000E+00
  2.5800E+02  6.8375E+01  5.0254E-01  6.8808E-01  0.0000E+00  5.1000E+01  0.0000E+00  0.0000E+00  1.0000E+00  6.6698E-03  0.0000E+00  0.0000E+00
  2.5900E+02  0.0000E+00  1.0000E+00  0.0000E+00  3.0000E+00  4.1000E+01  0.0000E+00  0.0000E+00  0.0000E+00  1.0000E+00  0.0000E+00  0.0000E+00
  2.5900E+02  8.6576E+00  9.6137E-01  3.9395E-02  0.0000E+00  4.1000E+01  0.0000E+00  0.0000E+00  1.0000E+00  5.7694E-03  0.0000E+00  0.0000E+00
  2.6000E+02  0.0000E+00  1.0000E+00  0.0000E+00  3.0000E+00  3.7000E+01  0.0000E+00  0.0000E+00  0.0000E+00  1.0000E+00  0.0000E+00  0.0000E+00
  2.6000E+02  9.7750E+01  4.0136E-01  9.1290E-01  0.0000E+00  3.7000E+01  0.0000E+00  0.0000E+00  1.0000E+00  4.9436E-03  0.0000E+00  0.0000E+00
  2.6100E+02  0.0000E+00  1.0000E+00  0.0000E+00  3.0000E+00  3.7000E+01  0.0000E+00  0.0000E+00  0.0000E+00  1.0000E+00  0.0000E+00  0.0000E+00
  2.6100E+02  1.3936E+02  2.3287E-01  1.4573E+00  0.0000E+00  3.7000E+01  0.0000E+00  0.0000E+00  1.0000E+00  3.2117E-03  0.0000E+00  0.0000E+00
  2.6200E+02  0.0000E+00  1.0000E+00  0.0000E+00  3.0000E+00  4.7000E+01  0.0000E+00  0.0000E+00  0.0000E+00  1.0000E+00  0.0000E+00  0.0000E+00
  2.6200E+02  1.8888E+02  8.2890E-02  2.4902E+00  0.0000E+00  4.7000E+01  0.0000E+00  0.0000E+00  1.0000E+00  1.4413E-03  0.0000E+00  0.0000E+00
  2.6300E+02  0.0000E+00  1.0000E+00  0.0000E+00  3.0000E+00  3.9000E+01  0.0000E+00  0.0000E+00  0.0000E+00  1.0000E+00  0.0000E+00  0.0000E+00
  2.6300E+02  2.2012E+01  8.7697E-01  1.3128E-01  0.0000E+00  3.9000E+01  0.0000E+00  0.0000E+00  1.0000E+00  6.8983E-03  0.0000E+00  0.0000E+00
  2.6400E+02  0.0000E+00  1.0000E+00  0.0000E+00  3.0000E+00  5.0000E+01  0.0000E+00  0.0000E+00  0.0000E+00  1.0000E+00  0.0000E+00  0.0000E+00
  2.6400E+02  4.1205E+01  7.0603E-01  3.4810E-01  0.0000E+00  5.0000E+01  0.0000E+00  0.0000E+00  1.0000E+00  7.8665E-03  0.0000E+00  0.0000E+00
  2.6500E+02  0.0000E+00  1.0000E+00  0.0000E+00  3.0000E+00  5.3000E+01  0.0000E+00  0.0000E+00  0.0000E+00  1.0000E+00  0.0000E+00  0.0000E+00
  2.6500E+02  8.7223E+01  3.7737E-01  9.7452E-01  0.0000E+00  5.3000E+01  0.0000E+00  0.0000E+00  1.0000E+00  5.5608E-03  0.0000E+00  0.0000E+00
  2.6600E+02  0.0000E+00  1.0000E+00  0.0000E+00  3.0000E+00  4.8000E+01  0.0000E+00  0.0000E+00  0.0000E+00  1.0000E+00  0.0000E+00  0.0000E+00
  2.6600E+02  2.6167E+02  2.0658E-02  3.8796E+00  0.0000E+00  4.8000E+01  0.0000E+00  0.0000E+00  1.0000E+00  4.0396E-04  0.0000E+00  0.0000E+00
  2.6700E+02  0.0000E+00  1.0000E+00  0.0000E+00  3.0000E+00  4.3000E+01  0.0000E+00  0.0000E+00  0.0000E+00  1.0000E+00  0.0000E+00  0.0000E+00
  2.6700E+02  9.5143E+01  3.8477E-01  9.5511E-01  0.0000E+00  4.3000E+01  0.0000E+00  0.0000E+00  1.0000E+00  5.0942E-03  0.0000E+00  0.0000E+00
  2.6800E+02  0.0000E+00  1.0000E+00  0.0000E+00  3.0000E+00  4.6000E+01  0.0000E+00  0.0000E+00  0.0000E+00  1.0000E+00  0.0000E+00  0.0000E+00
  2.6800E+02  1.4708E+02  1.7094E-01  1.7664E+00  0.0000E+00  4.6000E+01  0.0000E+00  0.0000E+00  1.0000E+00  2.7078E-03  0.0000E+00  0.0000E+00
  2.6900E+02  0.0000E+00  1.0000E+00  0.0000E+00  3.0000E+00  5.2000E+01  0.0000E+00  0.0000E+00  0.0000E+00  1.0000E+00  0.0000E+00  0.0000E+00
  2.6900E+02  4.8023E+01  6.4556E-01  4.3763E-01  0.0000E+00  5.2000E+01  0.0000E+00  0.0000E+00  1.0000E+00  7.7590E-03  0.0000E+00  0.0000E+00
  2.7000E+02  0.0000E+00  1.0000E+00  0.0000E+00  3.0000E+00  4.9000E+01  0.0000E+00  0.0000E+00  0.0000E+00  1.0000E+00  0.0000E+00  0.0000E+00
  2.7000E+02  9.2035E+01  3.7115E-01  9.9116E-01  0.0000E+00  4.9000E+01  0.0000E+00  0.0000E+00  1.0000E+00  5.2715E-03  0.0000E+00  0.0000E+00
  2.7100E+02  0.0000E+00  1.0000E+00  0.0000E+00  3.0000E+00  5.1000E+01  0.0000E+00  0.0000E+00  0.0000E+00  1.0000E+00  0.0000E+00  0.0000E+00
  2.7100E+02  7.9202E+01  4.3375E-01  8.3529E-01  0.0000E+00  5.1000E+01  0.0000E+00  0.0000E+00  1.0000E+00  6.0331E-03  0.0000E+00  0.0000E+00
  2.7200E+02  0.0000E+00  1.0000E+00  0.0000E+00  3.0000E+00  4.8000E+01  0.0000E+00  0.0000E+00  0.0000E+00  1.0000E+00  0.0000E+00  0.0000E+00
  2.7200E+02  8.6576E+00  9.5763E-01  4.3291E-02  0.0000E+00  4.8000E+01  0.0000E+00  0.0000E+00  1.0000E+00  6.3154E-03  0.0000E+00  0.0000E+00
  2.7300E+02  0.0000E+00  1.0000E+00  0.0000E+00  3.0000E+00  6.9000E+01  0.0000E+00  0.0000E+00  0.0000E+00  1.0000E+00  0.0000E+00  0.0000E+00
  2.7300E+02  5.2534E+01  5.3823E-01  6.1947E-01  0.0000E+00  6.9000E+01  0.0000E+00  0.0000E+00  1.0000E+00  8.3704E-03  0.0000E+00  0.0000E+00
  2.7400E+02  0.0000E+00  1.0000E+00  0.0000E+00  3.0000E+00  5.4000E+01  0.0000E+00  0.0000E+00  0.0000E+00  1.0000E+00  0.0000E+00  0.0000E+00
  2.7400E+02  4.4915E+01  6.6258E-01  4.1161E-01  0.0000E+00  5.4000E+01  0.0000E+00  0.0000E+00  1.0000E+00  8.0083E-03  0.0000E+00  0.0000E+00
  2.7500E+02  0.0000E+00  1.0000E+00  0.0000E+00  3.0000E+00  4.8000E+01  0.0000E+00  0.0000E+00  0.0000E+00  1.0000E+00  0.0000E+00  0.0000E+00
  2.7500E+02  6.6169E+01  5.3108E-01  6.3285E-01  0.0000E+00  4.8000E+01  0.0000E+00  0.0000E+00  1.0000E+00  6.6989E-03  0.0000E+00  0.0000E+00
  2.7600E+02  0.0000E+00  1.0000E+00  0.0000E+00  3.0000E+00  5.5000E+01  0.0000E+00  0.0000E+00  0.0000E+00  1.0000E+00  0.0000E+00  0.0000E+00
  2.7600E+02  1.4507E+02  1.4109E-01  1.9584E+00  0.0000E+00  5.5000E+01  0.0000E+00  0.0000E+00  1.0000E+00  2.5119E-03  0.0000E+00  0.0000E+00
  2.7700E+02  0.0000E+00  1.0000E+00  0.0000E+00  3.0000E+00  5.0000E+01  0.0000E+00  0.0000E+00  0.0000E+00  1.0000E+00  0.0000E+00  0.0000E+00
  2.7700E+02  6.3663E+01  5.3910E-01  6.1785E-01  0.0000E+00  5.0000E+01  0.0000E+00  0.0000E+00  1.0000E+00  6.9004E-03  0.0000E+00  0.0000E+00
  2.7800E+02  0.0000E+00  1.0000E+00  0.0000E+00  3.0000E+00  6.3000E+01  0.0000E+00  0.0000E+00  0.0000E+00  1.0000E+00  0.0000E+00  0.0000E+00
  2.7800E+02  8.5218E+01  3.3912E-01  1.0814E+00  0.0000E+00  6.3000E+01  0.0000E+00  0.0000E+00  1.0000E+00  5.6756E-03  0.0000E+00  0.0000E+00
  2.7900E+02  0.0000E+00  1.0000E+00  0.0000E+00  3.0000E+00  4.1000E+01  0.0000E+00  0.0000E+00  0.0000E+00  1.0000E+00  0.0000E+00  0.0000E+00
  2.7900E+02  1.9029E+02  9.8335E-02  2.3194E+00  0.0000E+00  4.1000E+01  0.0000E+00  0.0000E+00  1.0000E+00  1.5808E-03  0.0000E+00  0.0000E+00
  2.8000E+02  0.0000E+00  1.0000E+00  0.0000E+00  3.0000E+00  5.7000E+01  0.0000E+00  0.0000E+00  0.0000E+00  1.0000E+00  0.0000E+00  0.0000E+00
  2.8000E+02  2.3450E+02  2.2590E-02  3.7902E+00  0.0000E+00  5.7000E+01  0.0000E+00  0.0000E+00  1.0000E+00  4.8156E-04  0.0000E+00  0.0000E+00
  2.8100E+02  0.0000E+00  1.0000E+00  0.0000E+00  3.0000E+00  5.2000E+01  0.0000E+00  0.0000E+00  0.0000E+00  1.0000E+00  0.0000E+00  0.0000E+00
  2.8100E+02  7.9904E+01  4.2463E-01  8.5653E-01  0.0000E+00  5.2000E+01  0.0000E+00  0.0000E+00  1.0000E+00  6.0033E-03  0.0000E+00  0.0000E+00
  2.8200E+02  0.0000E+00  1.0000E+00  0.0000E+00  3.0000E+00  4.4000E+01  0.0000E+00  0.0000E+00  0.0000E+00  1.0000E+00  0.0000E+00  0.0000E+00
  2.8200E+02  9.0932E+01  4.0173E-01  9.1197E-01  0.0000E+00  4.4000E+01  0.0000E+00  0.0000E+00  1.0000E+00  5.3138E-03  0.0000E+00  0.0000E+00
  2.8300E+02  0.0000E+00  1.0000E+00  0.0000E+00  3.0000E+00  5.5000E+01  0.0000E+00  0.0000E+00  0.0000E+00  1.0000E+00  0.0000E+00  0.0000E+00
  2.8300E+02  3.6284E+01  7.2989E-01  3.1486E-01  0.0000E+00  5.5000E+01  0.0000E+00  0.0000E+00  1.0000E+00  8.3534E-03  0.0000E+00  0.0000E+00
  2.8400E+02  0.0000E+00  1.0000E+00  0.0000E+00  3.0000E+00  5.6000E+01  0.0000E+00  0.0000E+00  0.0000E+00  1.0000E+00  0.0000E+00  0.0000E+00
  2.8400E+02  2.7871E+01  7.9823E-01  2.2536E-01  0.0000E+00  5.6000E+01  0.0000E+00  0.0000E+00  1.0000E+00  8.5124E-03  0.0000E+00  0.0000E+00
  2.8500E+02  0.0000E+00  1.0000E+00  0.0000E+00  3.0000E+00  5.6000E+01  0.0000E+00  0.0000E+00  0.0000E+00  1.0000E+00  0.0000E+00  0.0000E+00
  2.8500E+02  2.7871E+01  7.9823E-01  2.2536E-01  0.0000E+00  5.6000E+01  0.0000E+00  0.0000E+00  1.0000E+00  8.5124E-03  0.0000E+00  0.0000E+00
  2.8600E+02  0.0000E+00  1.0000E+00  0.0000E+00  3.0000E+00  6.2000E+01  0.0000E+00  0.0000E+00  0.0000E+00  1.0000E+00  0.0000E+00  0.0000E+00
  2.8600E+02  2.7600E+02  6.5614E-03  5.0266E+00  0.0000E+00  6.2000E+01  0.0000E+00  0.0000E+00  1.0000E+00  1.5760E-04  0.0000E+00  0.0000E+00
  2.8700E+02  0.0000E+00  1.0000E+00  0.0000E+00  3.0000E+00  5.1000E+01  0.0000E+00  0.0000E+00  0.0000E+00  1.0000E+00  0.0000E+00  0.0000E+00
  2.8700E+02  1.3414E+02  1.8758E-01  1.6735E+00  0.0000E+00  5.1000E+01  0.0000E+00  0.0000E+00  1.0000E+00  3.0865E-03  0.0000E+00  0.0000E+00
  2.8800E+02  0.0000E+00  1.0000E+00  0.0000E+00  3.0000E+00  4.0000E+01  0.0000E+00  0.0000E+00  0.0000E+00  1.0000E+00  0.0000E+00  0.0000E+00
  2.8800E+02  3.2779E+00  9.8926E-01  1.0796E-02  0.0000E+00  4.0000E+01  0.0000E+00  0.0000E+00  1.0000E+00  4.2973E-03  0.0000E+00  0.0000E+00
  2.8900E+02  0.0000E+00  1.0000E+00  0.0000E+00  3.0000E+00  5.2000E+01  0.0000E+00  0.0000E+00  0.0000E+00  1.0000E+00  0.0000E+00  0.0000E+00
  2.8900E+02  1.3755E+02  1.7320E-01  1.7533E+00  0.0000E+00  5.2000E+01  0.0000E+00  0.0000E+00  1.0000E+00  2.9117E-03  0.0000E+00  0.0000E+00
  2.9000E+02  0.0000E+00  1.0000E+00  0.0000E+00  3.0000E+00  4.6000E+01  0.0000E+00  0.0000E+00  0.0000E+00  1.0000E+00  0.0000E+00  0.0000E+00
  2.9000E+02  1.0507E+02  3.2188E-01  1.1336E+00  0.0000E+00  4.6000E+01  0.0000E+00  0.0000E+00  1.0000E+00  4.5801E-03  0.0000E+00  0.0000E+00
  2.9100E+02  0.0000E+00  1.0000E+00  0.0000E+00  3.0000E+00  4.0000E+01  0.0000E+00  0.0000E+00  0.0000E+00  1.0000E+00  0.0000E+00  0.0000E+00
  2.9100E+02  7.7591E+00  9.6692E-01  3.3637E-02  0.0000E+00  4.0000E+01  0.0000E+00  0.0000E+00  1.0000E+00  5.5285E-03  0.0000E+00  0.0000E+00
  2.9200E+02  0.0000E+00  1.0000E+00  0.0000E+00  3.0000E+00  5.6000E+01  0.0000E+00  0.0000E+00  0.0000E+00  1.0000E+00  0.0000E+00  0.0000E+00
  2.9200E+02  3.0756E+01  7.7366E-01  2.5662E-01  0.0000E+00  5.6000E+01  0.0000E+00  0.0000E+00  1.0000E+00  8.5137E-03  0.0000E+00  0.0000E+00
  2.9300E+02  0.0000E+00  1.0000E+00  0.0000E+00  3.0000E+00  5.1000E+01  0.0000E+00  0.0000E+00  0.0000E+00  1.0000E+00  0.0000E+00  0.0000E+00
  2.9300E+02  3.5882E+01  7.4529E-01  2.9398E-01  0.0000E+00  5.1000E+01  0.0000E+00  0.0000E+00  1.0000E+00  8.0534E-03  0.0000E+00  0.0000E+00
  2.9400E+02  0.0000E+00  1.0000E+00  0.0000E+00  3.0000E+00  5.7000E+01  0.0000E+00  0.0000E+00  0.0000E+00  1.0000E+00  0.0000E+00  0.0000E+00
  2.9400E+02  1.7394E+02  7.7611E-02  2.5560E+00  0.0000E+00  5.7000E+01  0.0000E+00  0.0000E+00  1.0000E+00  1.5041E-03  0.0000E+00  0.0000E+00
  2.9500E+02  0.0000E+00  1.0000E+00  0.0000E+00  3.0000E+00  5.6000E+01  0.0000E+00  0.0000E+00  0.0000E+00  1.0000E+00  0.0000E+00  0.0000E+00
  2.9500E+02  2.4524E+01  8.2665E-01  1.9037E-01  0.0000E+00  5.6000E+01  0.0000E+00  0.0000E+00  1.0000E+00  8.4632E-03  0.0000E+00  0.0000E+00
  2.9600E+02  0.0000E+00  1.0000E+00  0.0000E+00  3.0000E+00  4.2000E+01  0.0000E+00  0.0000E+00  0.0000E+00  1.0000E+00  0.0000E+00  0.0000E+00
  2.9600E+02  1.2462E+02  2.6049E-01  1.3452E+00  0.0000E+00  4.2000E+01  0.0000E+00  0.0000E+00  1.0000E+00  3.7085E-03  0.0000E+00  0.0000E+00
  2.9700E+02  0.0000E+00  1.0000E+00  0.0000E+00  3.0000E+00  5.4000E+01  0.0000E+00  0.0000E+00  0.0000E+00  1.0000E+00  0.0000E+00  0.0000E+00
  2.9700E+02  5.3838E+01  5.9290E-01  5.2273E-01  0.0000E+00  5.4000E+01  0.0000E+00  0.0000E+00  1.0000E+00  7.5924E-03  0.0000E+00  0.0000E+00
  2.9800E+02  0.0000E+00  1.0000E+00  0.0000E+00  3.0000E+00  5.7000E+01  0.0000E+00  0.0000E+00  0.0000E+00  1.0000E+00  0.0000E+00  0.0000E+00
  2.9800E+02  3.5691E+01  7.2869E-01  3.1651E-01  0.0000E+00  5.7000E+01  0.0000E+00  0.0000E+00  1.0000E+00  8.5225E-03  0.0000E+00  0.0000E+00
  2.9900E+02  0.0000E+00  1.0000E+00  0.0000E+00  3.0000E+00  4.2000E+01  0.0000E+00  0.0000E+00  0.0000E+00  1.0000E+00  0.0000E+00  0.0000E+00
  2.9900E+02  4.9155E+00  9.8125E-01  1.8927E-02  0.0000E+00  4.2000E+01  0.0000E+00  0.0000E+00  1.0000E+00  4.9829E-03  0.0000E+00  0.0000E+00
  3.0000E+02  0.0000E+00  1.0000E+00  0.0000E+00  3.0000E+00  4.9000E+01  0.0000E+00  0.0000E+00  0.0000E+00  1.0000E+00  0.0000E+00  0.0000E+00
  3.0000E+02  1.0607E+02  3.0264E-01  1.1952E+00  0.0000E+00  4.9000E+01  0.0000E+00  0.0000E+00  1.0000E+00  4.4976E-03  0.0000E+00  0.0000E+00
